0.75849148	14.352234567
0.7651813859818527	14.460625938478533
0.7965533204665043	15.010272043370916
0.8902520894635855	16.77213177641433
1.0364591747859122	19.849573673323665
1.248787982269861	24.995600240495694
1.4622243640178267	30.990370782130768
1.6719096791026637	37.67575035957591
1.9266512958469184	46.8943114299794
2.1733668518495795	57.00102203471363
2.4130001166586705	67.95097557382566
2.6459855036916777	79.71422651515684
2.8731513947995246	92.26884298812966
3.0952447349581567	105.59771749285082
3.312825494244863	119.68690315609348
3.525976834087745	134.52467703605328
3.94099442118731	166.40691118129357
4.343198672985882	201.1773455228066
4.73	238.782
5.11	279.177
5.48	322.324
6.21  416.747
6.56  467.969
6.90  521.833
7.40  607.5
7.57  637.409
7.90  699.084
8.39  796.4
8.55  830.1
8.88  899.48
9.2   971.27  
9.52  1045.7
9.83   1122.5