1.006133990813888601e-02 7.585209381074837438e+03
1.006747385813644771e-02 7.576132499986327275e+03
1.007360780813400941e-02 7.567072098804321286e+03
1.007974175813157111e-02 7.558028137543892626e+03
1.008587570812913281e-02 7.549000576340237785e+03
1.009814360812425621e-02 7.530994495247901796e+03
1.010427755812181791e-02 7.522015896233704552e+03
1.011041150811937961e-02 7.513053539024543170e+03
1.012267940811450301e-02 7.495177393079477952e+03
1.014721520810475154e-02 7.459618283143312510e+03
1.019628680808524687e-02 7.389264153769978293e+03
1.020242075808280857e-02 7.380540777624600196e+03
1.020855470808037027e-02 7.371833029064510811e+03
1.022082260807549367e-02 7.354464265150703795e+03
1.024535840806574220e-02 7.319912629554610248e+03
1.029443000804623753e-02 7.251544695231638798e+03
1.039257320800722820e-02 7.117685768477406782e+03
1.039922311269953110e-02 7.108751905059212731e+03
1.040587301739183401e-02 7.099835061298938854e+03
1.041917282677643983e-02 7.082052259554166994e+03
1.044577244554565146e-02 7.046688994507525422e+03
1.049897168308407472e-02 6.976762294923524678e+03
1.060537015816092124e-02 6.840033814431224528e+03
1.081816710831461428e-02 6.578508528311617738e+03
1.121555762178846199e-02 6.129143358501180046e+03
1.160515291086109194e-02 5.732374424172383442e+03
1.202776930039714531e-02 5.344551039837481767e+03
1.242218230309966032e-02 5.017502948573304820e+03
1.284961640626559876e-02 4.696296257380976385e+03
1.326925528503031942e-02 4.410452445619296668e+03
1.366069077696150345e-02 4.167045715801130427e+03
1.408514736935610745e-02 3.925531646731246383e+03
1.448140057491717481e-02 3.718816466414416482e+03
1.486985855607702613e-02 3.531871332264679040e+03
1.529133763770029741e-02 3.344803400000388592e+03
1.568461333249003206e-02 3.183565948078532983e+03
1.611091012774319015e-02 3.021840879389975271e+03
1.652941169859513046e-02 2.874982914962884024e+03
1.691970988261353240e-02 2.747637896794432436e+03
1.734302916709535777e-02 2.619033110016589944e+03
1.773814506474364477e-02 2.507130932385424785e+03
1.816628206285535521e-02 2.393944863214301222e+03
1.858662383656584788e-02 2.290267063263779164e+03
1.897876222344280217e-02 2.199627955788415420e+03
1.940392171078317990e-02 2.107434691609753827e+03
1.980087781129001925e-02 2.026606255800747931e+03
2.019003868739564084e-02 1.951898166841058810e+03
2.061222066396468586e-02 1.875535866801893917e+03
2.100619925370019250e-02 1.808341430604982406e+03
2.143319894389912258e-02 1.739610977493959126e+03
2.185240340969683490e-02 1.675971089802599408e+03
2.224340448866100883e-02 1.619788145928330096e+03
2.266742666808860621e-02 1.562076732355376180e+03
2.306324546068266521e-02 1.511015830511121749e+03
2.345126902887550643e-02 1.463417686347926292e+03
2.387231369753177110e-02 1.414338543285744436e+03
2.426515497935449739e-02 1.370801798199982841e+03
2.469101736164064712e-02 1.325902209626663080e+03
2.508867635709325847e-02 1.285996028568625434e+03
2.547854012814465205e-02 1.248647343573941725e+03
2.590142499965946907e-02 1.210000537154768608e+03
2.629610648434074771e-02 1.175576761072746649e+03
2.672380906948544979e-02 1.139956885546304193e+03
2.714371643022893410e-02 1.106587781900920390e+03
2.753542040413888350e-02 1.076805911128985599e+03
2.796014547851225288e-02 1.045896232365268361e+03
2.835666716605208387e-02 1.018264736878046619e+03
2.874539362919070057e-02 9.922618112268633013e+02
2.916714119279273723e-02 9.651993412243199373e+02
2.956068536956123899e-02 9.409677278287714444e+02
2.956754965428429194e-02 9.405535013095770864e+02
2.957441393900734836e-02 9.401395584555511959e+02
2.958814250845345772e-02 9.393125226990080137e+02
2.961559964734567646e-02 9.376618437014873280e+02
2.967051392513011393e-02 9.343739976949690345e+02
2.978034248069898887e-02 9.278518930379323137e+02
2.978720676542204182e-02 9.274466157986807957e+02
2.979407105014509824e-02 9.270416140180901721e+02
2.980779961959120761e-02 9.262324358268631386e+02
2.983525675848342634e-02 9.246173738966652991e+02
2.989017103626786381e-02 9.214003718681685768e+02
2.989703532099091676e-02 9.209994719342040526e+02
2.990389960571397318e-02 9.205988434673251959e+02
2.991762817516008255e-02 9.197983999469848868e+02
2.994508531405230128e-02 9.182007596601016530e+02
2.995194959877535423e-02 9.178020245612385679e+02
2.995881388349841065e-02 9.174035589608997725e+02
2.997254245294452002e-02 9.166074352768512199e+02
2.997940673766757297e-02 9.162097767043663907e+02
2.998627102239062592e-02 9.158123866528414965e+02
2.999313530711367887e-02 9.154152648785827751e+02
2.999999959183673529e-02 9.150184111381458933e+02
2.500000112244898237e-02 1.294732394446764147e+03
2.501686948494227791e-02 1.293063450415968646e+03
2.503373784743557345e-02 1.291397831769598952e+03
2.506747457242216454e-02 1.288076535099304238e+03
2.513494802239534323e-02 1.281473457197585503e+03
2.526989492234170409e-02 1.268423411325307598e+03
2.553978872223442928e-02 1.242932528551710902e+03
2.607957632201987619e-02 1.194271601215672717e+03
2.724995954786518446e-02 1.098384823101723896e+03
2.834278345991826306e-02 1.019212974539652805e+03
2.941417050486799453e-02 9.498773266793529046e+02
3.057636557609213698e-02 8.826280506546594324e+02
3.166100133352404977e-02 8.263243796386421991e+02
3.283644511723037701e-02 7.713933309844345558e+02
3.399045203383335712e-02 7.228191506461710105e+02
3.506689963664411103e-02 6.816884520712235371e+02
3.623415526572927592e-02 6.410905456288041933e+02
3.732385158102221462e-02 6.065121774202161760e+02
3.839211102921180618e-02 5.753768620017808644e+02
3.955117850367580873e-02 5.443512801882724261e+02
4.063268666434757814e-02 5.177148506936964623e+02
4.180500285129376548e-02 4.910961405622941243e+02
4.295588217113659874e-02 4.670100735328450696e+02
4.402920217718720580e-02 4.461905136063237478e+02
4.519333020951222385e-02 4.252275531306102607e+02
4.627989892804501570e-02 4.070383910763804352e+02
4.745727567285221854e-02 3.886890547909594034e+02
4.861321555055607424e-02 3.719239639193309017e+02
4.969159611446770375e-02 3.573007557311223650e+02
5.086078470465374424e-02 3.424587683968006218e+02
5.195241398104755853e-02 3.294728053381147674e+02
5.302260639033801876e-02 3.174920018491948781e+02
5.418360682590288996e-02 3.052674992990184251e+02
5.526704794767553497e-02 2.945285702448987877e+02
5.644129709572259096e-02 2.835613864966688311e+02
5.759410937666629982e-02 2.734218906729037712e+02
5.866936234381778248e-02 2.644826589135645918e+02
5.983542333724367612e-02 2.553119877304957299e+02
6.092392501687734357e-02 2.472079284457210804e+02
6.199098982940766389e-02 2.396616339979066197e+02
6.314886266821238825e-02 2.318886774857359399e+02
6.422917619322489335e-02 2.250003051062138582e+02
6.540029774451180944e-02 2.179028771665508373e+02
6.649385998200649239e-02 2.116002646142748063e+02
6.756598535239782821e-02 2.057061523801275200e+02
6.872891874906357501e-02 1.996117330033268047e+02
6.981429283193710256e-02 1.941870671088777840e+02
7.099047494108504108e-02 1.885775785749774514e+02
7.214522018312961860e-02 1.833258244978951552e+02
7.322240611138197686e-02 1.786412327771894013e+02
7.439040006590874610e-02 1.737817323062105004e+02
7.548083470664328221e-02 1.694396825213000000e+02
7.654983248027447118e-02 1.653552578668881381e+02
7.770963828018007113e-02 1.611060870495491884e+02
7.879188476629345184e-02 1.573027848680633269e+02
7.881076154928184918e-02 1.572377804215337846e+02
7.882963833227024653e-02 1.571728208522188766e+02
7.886739189824704122e-02 1.570430361770323486e+02
7.894289903020064447e-02 1.567840035059141428e+02
7.909391329410783711e-02 1.562680755259615069e+02
7.939594182192223626e-02 1.552446948349796116e+02
7.941481860491064748e-02 1.551811058417669358e+02
7.943369538789904483e-02 1.551175604041694100e+02
7.947144895387583952e-02 1.549906000338422984e+02
7.954695608582942890e-02 1.547372001815389524e+02
7.969797034973663541e-02 1.542324750209810986e+02
7.971684713272503275e-02 1.541695780835560754e+02
7.973572391571343010e-02 1.541067240593387453e+02
7.977347748169022479e-02 1.539811445915653110e+02
7.984898461364382805e-02 1.537304988685072829e+02
7.986786139663223927e-02 1.536679441262717205e+02
7.988673817962063661e-02 1.536054319805187447e+02
7.992449174559743130e-02 1.534805353209804366e+02
7.994336852858582865e-02 1.534181507285672410e+02
7.996224531157422599e-02 1.533558085753812747e+02
7.998112209456262334e-02 1.532935088222234015e+02
7.999999887755102068e-02 1.532312514299362931e+02
8.000000244897959023e-02 1.532312396550362621e+02
8.003680614896496737e-02 1.531099792920826417e+02
8.007360984895033063e-02 1.529888795156099945e+02
8.014721724892107102e-02 1.527471605680121627e+02
8.029443204886256569e-02 1.522656370519787004e+02
8.058886164874554114e-02 1.513101837418477089e+02
8.117772084851147818e-02 1.494291501958488766e+02
8.235543924804336613e-02 1.457826931119387552e+02
8.490900264988768265e-02 1.383709983912924315e+02
8.729334573073077586e-02 1.320065489402697665e+02
8.963091746516656244e-02 1.262338224925838830e+02
9.216661580238287577e-02 1.204415628715345861e+02
9.453309381859796579e-02 1.154334199397745664e+02
9.709769843759359642e-02 1.103965484035304030e+02
9.961553171018192043e-02 1.058087800520595323e+02
1.019641446617690211e-01 1.018185489233404581e+02
1.045108842161366486e-01 9.777843137056308365e+01
1.068884034495030527e-01 9.425249499453309454e+01
1.092191513364621502e-01 9.100661219120695478e+01
1.117480258262017884e-01 8.770115432799738642e+01
1.141076799949402032e-01 8.480346970663478601e+01
1.166654607664591448e-01 8.184928759327738135e+01
1.191764701915707936e-01 7.912306082110387706e+01
1.215182592956812052e-01 7.672372590507764301e+01
1.240581750025721575e-01 7.426568148045232931e+01
1.264288703884618725e-01 7.209692422232166109e+01
1.289976923771321282e-01 6.987358034778259253e+01
1.315197430193950912e-01 6.780958636242804971e+01
1.338725733406568308e-01 6.598271770392621249e+01
1.364235302646991110e-01 6.410210844974841393e+01
1.388052668677401402e-01 6.243395433891638646e+01
1.411402321243738767e-01 6.087536721448508104e+01
1.436733239837881537e-01 5.926499111223662197e+01
1.460371955222012075e-01 5.783295247325584398e+01
1.485991936633948018e-01 5.635309169316687417e+01
1.511144204581810757e-01 5.496872440267379289e+01
1.534604269319661263e-01 5.373487865570181299e+01
1.560045600085317175e-01 5.245564634995722741e+01
1.583794727640960853e-01 5.131350274602706207e+01
1.607076141732531327e-01 5.023979412189395077e+01
1.632338821851907207e-01 4.912326870615549268e+01
1.655909298761270854e-01 4.812458288877309798e+01
1.681461041698439907e-01 4.708625592828449413e+01
1.705320581425596727e-01 4.615604584851657677e+01
1.728712407688680341e-01 4.527899132112919744e+01
1.754085499979569363e-01 4.436468859303818135e+01
1.777766389060446151e-01 4.354433762158271293e+01
1.803428544169128345e-01 4.268940721145420980e+01
1.828622985813737334e-01 4.188273856804426742e+01
1.852125224248334090e-01 4.115795580868408621e+01
1.877608728710736252e-01 4.040078041217475402e+01
1.901400029963126181e-01 3.971953736938903035e+01
1.924723617751443183e-01 3.907458539547668863e+01
1.950028471567565314e-01 3.839928410819685212e+01
1.973641122173675211e-01 3.779101921359471561e+01
1.974052979257058249e-01 3.778059119571332047e+01
1.974464836340441565e-01 3.777016930220365509e+01
1.975288550507208196e-01 3.774934386884826409e+01
1.976935978840741459e-01 3.770776628089998894e+01
1.980230835507807430e-01 3.762490313705433209e+01
1.986820548841939649e-01 3.746033637881610900e+01
1.987232405925322687e-01 3.745010195234962680e+01
1.987644263008706003e-01 3.743987349701026801e+01
1.988467977175472634e-01 3.741943448087500457e+01
1.990115405509005897e-01 3.737862789520812612e+01
1.993410262176071868e-01 3.729729946163705989e+01
1.993822119259455183e-01 3.728716001066007379e+01
1.994233976342838499e-01 3.727702645601733877e+01
1.995057690509604853e-01 3.725677701720193369e+01
1.996705118843137838e-01 3.721634869196835638e+01
1.997116975926521154e-01 3.720625628215506708e+01
1.997528833009904470e-01 3.719616973172787766e+01
1.998352547176671101e-01 3.717601419064578039e+01
1.998764404260054417e-01 3.716594519080864245e+01
1.999176261343437733e-01 3.715588203199467898e+01
1.999588118426821048e-01 3.714582470962391625e+01
1.999999975510204087e-01 3.713577321912141826e+01
2.000000122448979678e-01 3.713576963407839315e+01
2.001840307448248257e-01 3.709093051903464300e+01
2.003680492447516559e-01 3.704620732900616531e+01
2.007360862446053718e-01 3.695710710686228850e+01
2.014721602443128035e-01 3.678028007446676639e+01
2.029443082437276669e-01 3.643203137630207777e+01
2.058886042425573937e-01 3.575647206613956541e+01
2.117771962402168473e-01 3.448398161731304867e+01
2.245450132494383744e-01 3.204186189194929568e+01
2.364667286536537849e-01 3.009042534040013805e+01
2.481545873258326762e-01 2.842967607393594065e+01
2.608330790119142706e-01 2.686221347427678552e+01
2.726654690929897207e-01 2.558311659217048728e+01
2.854884921879678461e-01 2.436502008277880549e+01
2.980776585509094523e-01 2.331312401031377490e+01
3.098207233088449697e-01 2.244160748090035895e+01
3.225544210806831069e-01 2.159938141919176147e+01
3.344420172475151554e-01 2.089683253664202311e+01
3.460957566823106846e-01 2.027653600349908558e+01
3.587401291310088891e-01 1.967073362931716574e+01
3.705383999747009494e-01 1.916109561025757912e+01
3.833273038322956849e-01 1.866217728018609634e+01
3.958823509578539013e-01 1.822038526103199274e+01
4.075912964784059733e-01 1.784652190509683933e+01
4.202908750128607207e-01 1.747824803872257959e+01
4.321443519423093793e-01 1.716593168115185364e+01
4.449884618856607132e-01 1.685831179277656844e+01
4.575987150969754724e-01 1.658441864731357640e+01
4.693628667032841428e-01 1.635165181423361247e+01
4.821176513234954886e-01 1.612182263867834919e+01
4.940263343387006900e-01 1.592655537720128045e+01
5.057011606218694277e-01 1.575169090000253469e+01
5.183666199189407298e-01 1.557900987755149913e+01
5.301859776110059430e-01 1.543256166750174607e+01
5.429959683169738316e-01 1.528857238102256666e+01
5.555721022909052564e-01 1.516095473703176033e+01
5.673021346598304815e-01 1.505326153190061333e+01
5.800228000426583819e-01 1.494792698972840839e+01
5.918973638204801935e-01 1.485959111784045383e+01
6.035380708662654303e-01 1.478171323053245523e+01
6.161694109259533425e-01 1.470631590480115847e+01
6.279546493806351659e-01 1.464395711224963925e+01
6.407305208492196646e-01 1.458449265465269562e+01
6.526602907127980746e-01 1.453612467258245644e+01
6.643562038443399098e-01 1.449500175624329756e+01
6.645544311278623884e-01 1.449435635015881729e+01
6.647526584113849779e-01 1.449371262763991552e+01
6.651491129784301570e-01 1.449243022654045632e+01
6.659420221125205153e-01 1.448988555293111169e+01
6.675278403807010097e-01 1.448487634470335017e+01
6.706994769170622206e-01 1.447517551216013132e+01
6.770427499897844204e-01 1.445702089031338566e+01
6.772277569357287863e-01 1.445651595051080740e+01
6.774127638816731523e-01 1.445601238705799929e+01
6.777827777735618842e-01 1.445500938416949666e+01
6.785228055573392369e-01 1.445301983932661471e+01
6.800028611248940535e-01 1.444910631362739828e+01
6.829629722600036867e-01 1.444153930127826158e+01
6.888831945302228421e-01 1.442742802855004669e+01
6.890836801170094894e-01 1.442697367904189321e+01
6.892841657037960257e-01 1.442652085478758117e+01
6.896851368773690982e-01 1.442561977613277691e+01
6.904870792245154654e-01 1.442383585699724335e+01
6.920909639188081997e-01 1.442034064313254582e+01
6.952987333073934462e-01 1.441363811306185916e+01
6.954992188941799824e-01 1.441323184862641327e+01
6.956997044809666297e-01 1.441282706313831063e+01
6.961006756545398133e-01 1.441202192334542254e+01
6.969026180016860694e-01 1.441042932897880924e+01
6.985065026959786927e-01 1.440731456662465249e+01
7.017142720845639392e-01 1.440136425637260942e+01
7.019111036599123832e-01 1.440101116724117958e+01
7.021079352352609382e-01 1.440065946089622173e+01
7.025015983859579372e-01 1.439996019143517536e+01
7.032889246873519351e-01 1.439857818959166202e+01
7.048635772901400420e-01 1.439588004892433126e+01
7.080128824957161449e-01 1.439074495936710107e+01
7.082097140710645888e-01 1.439043549093686813e+01
7.084065456464131438e-01 1.439012736503228318e+01
7.088002087971101428e-01 1.438951513587801401e+01
7.095875350985042518e-01 1.438830673380046576e+01
7.111621877012923587e-01 1.438595388082843840e+01
7.143114929068684615e-01 1.438150181059683597e+01
7.144951041446387929e-01 1.438125259975262971e+01
7.146787153824090133e-01 1.438100452359612724e+01
7.150459378579496761e-01 1.438051177151102067e+01
7.157803828090307796e-01 1.437953984145100605e+01
7.172492727111929867e-01 1.437765006433919091e+01
7.201870525155176228e-01 1.437408514979337681e+01
7.203706637532878432e-01 1.437387177858892429e+01
7.205542749910581746e-01 1.437365951192204783e+01
7.209214974665987263e-01 1.437323828850557916e+01
7.216559424176799409e-01 1.437240905554190284e+01
7.231248323198422590e-01 1.437080323958567440e+01
7.260626121241668951e-01 1.436780057794008059e+01
7.262617020027793968e-01 1.436760710219206594e+01
7.264607918813918985e-01 1.436741489083533629e+01
7.268589716386169020e-01 1.436703425676106960e+01
7.276553311530670198e-01 1.436628811149949136e+01
7.292480501819671446e-01 1.436485606037935447e+01
7.294471400605796463e-01 1.436468267958666800e+01
7.296462299391921480e-01 1.436451054520956028e+01
7.300444096964171514e-01 1.436417001125478343e+01
7.308407692108672693e-01 1.436350385151298958e+01
7.324334882397673940e-01 1.436223091759578807e+01
7.326325781183798957e-01 1.436207734684362869e+01
7.328316679969923975e-01 1.436192500488937895e+01
7.332298477542174009e-01 1.436162400301900277e+01
7.340262072686675188e-01 1.436103669701514107e+01
7.356189262975676435e-01 1.435992063377729622e+01
7.388043643553680040e-01 1.435792078305398789e+01
7.389902338964022821e-01 1.435781358522450368e+01
7.391761034374366712e-01 1.435770742867815564e+01
7.395478425195052274e-01 1.435749823602837516e+01
7.402913206836423399e-01 1.435709230871426811e+01
7.417782770119167868e-01 1.435633009656503134e+01
7.419641465529510649e-01 1.435623945760696785e+01
7.421500160939853430e-01 1.435614984642251812e+01
7.425217551760538992e-01 1.435597370402981987e+01
7.432652333401911227e-01 1.435563371580212255e+01
7.447521896684654585e-01 1.435500273959572759e+01
7.449380592094997366e-01 1.435492844522279832e+01
7.451239287505340148e-01 1.435485516536144068e+01
7.454956678326026820e-01 1.435471164589215753e+01
7.462391459967399054e-01 1.435443674504444012e+01
7.464250155377741835e-01 1.435437054383733368e+01
7.466108850788084617e-01 1.435430535060216783e+01
7.469826241608770179e-01 1.435417798479623208e+01
7.477261023250142413e-01 1.435393531313243010e+01
7.479119718660485194e-01 1.435387715298482547e+01
7.480978414070829086e-01 1.435381999433004019e+01
7.484695804891514648e-01 1.435370867827536401e+01
7.492130586532885772e-01 1.435349802868516278e+01
7.493989281943228553e-01 1.435344785796826095e+01
7.495847977353571334e-01 1.435339868232388660e+01
7.499565368174258007e-01 1.435330331305820017e+01
7.507000149815630241e-01 1.435312448032586907e+01
7.508822305111593209e-01 1.435308306860058813e+01
7.510644460407555068e-01 1.435304260710899982e+01
7.514288770999479894e-01 1.435296453184478160e+01
7.521577392183328437e-01 1.435281975137575294e+01
7.523399547479290295e-01 1.435278592069306569e+01
7.525221702775253263e-01 1.435275303430398175e+01
7.528866013367176979e-01 1.435269009145208052e+01
7.536154634551026632e-01 1.435257550482050526e+01
7.537976789846989600e-01 1.435254920784687904e+01
7.539798945142951458e-01 1.435252384927968450e+01
7.543443255734876285e-01 1.435247594443713126e+01
7.545265411030838143e-01 1.435245339669963549e+01
7.547087566326800001e-01 1.435243178444476264e+01
7.550731876918724828e-01 1.435239136346836730e+01
7.552554032214686686e-01 1.435237255329116302e+01
7.554376187510649654e-01 1.435235467568577761e+01
7.556198342806611512e-01 1.435233772992663859e+01
7.558020498102573370e-01 1.435232171528877210e+01
7.559842653398536338e-01 1.435230663104867865e+01
7.561664808694498197e-01 1.435229247648182316e+01
7.565309119286423023e-01 1.435226695348184656e+01
7.567131274582385991e-01 1.435225558360568598e+01
7.568953429878347849e-01 1.435224514051880362e+01
7.570775585174309708e-01 1.435223562350138771e+01
7.572597740470272676e-01 1.435222703183548454e+01
7.574419895766234534e-01 1.435221936480297700e+01
7.576242051062196392e-01 1.435221262168776235e+01
7.578064206358159360e-01 1.435220680177295804e+01
7.579886361654121218e-01 1.435220190434355025e+01
7.581708516950083077e-01 1.435219792868560340e+01
7.583530672246046045e-01 1.435219487408462591e+01
7.585352827542007903e-01 1.435219273982842481e+01
7.587174982837969761e-01 1.435219152520454777e+01
7.588997138133932729e-01 1.435219122950168114e+01
7.590819293429894588e-01 1.435219185200944203e+01
7.592641448725856446e-01 1.435219339201835709e+01
7.594463604021819414e-01 1.435219584881886590e+01
7.596285759317781272e-01 1.435219922170359830e+01
7.598107914613743130e-01 1.435220350996429595e+01
7.599930069909706098e-01 1.435220871289492095e+01
7.601752225205667957e-01 1.435221482978958107e+01
7.603574380501629815e-01 1.435222185994346766e+01
7.605396535797592783e-01 1.435222980265217174e+01
7.607218691093554641e-01 1.435223865721225955e+01
7.609040846389516499e-01 1.435224842292065617e+01
7.610863001685479468e-01 1.435225909907592801e+01
7.612685156981441326e-01 1.435227068497677116e+01
7.614507312277403184e-01 1.435228317992278768e+01
7.616329467573366152e-01 1.435229658321456725e+01
7.618151622869328010e-01 1.435231089415324846e+01
7.619973778165289868e-01 1.435232611204068398e+01
7.623618088757214695e-01 1.435235926587360566e+01
7.625595030461598256e-01 1.435237876558625025e+01
7.627571972165982928e-01 1.435239932952996256e+01
7.631525855574752271e-01 1.435244364656673177e+01
7.633502797279136942e-01 1.435246739788988712e+01
7.635479738983521614e-01 1.435249220990519881e+01
7.639433622392290957e-01 1.435254501248293302e+01
7.641410564096675628e-01 1.435257300128430202e+01
7.643387505801060300e-01 1.435260204725514122e+01
7.647341389209829643e-01 1.435266330719418448e+01
7.655249156027368329e-01 1.435279847454206958e+01
7.657226097731753001e-01 1.435283489617305186e+01
7.659203039436137672e-01 1.435287236797897314e+01
7.663156922844907015e-01 1.435295045863641583e+01
7.671064689662444591e-01 1.435311920385138329e+01
7.673041631366828152e-01 1.435316400258706260e+01
7.675018573071212824e-01 1.435320984456921423e+01
7.678972456479982167e-01 1.435330465482678264e+01
7.686880223297520853e-01 1.435350675646451535e+01
7.688857165001905525e-01 1.435355987710779324e+01
7.690834106706290196e-01 1.435361403413478598e+01
7.694787990115059539e-01 1.435372545392786847e+01
7.702695756932597115e-01 1.435396069263954999e+01
7.718511290567673377e-01 1.435448057679278300e+01
7.720488232272058049e-01 1.435455017774525110e+01
7.722465173976442721e-01 1.435462080154931996e+01
7.726419057385212064e-01 1.435476511436549352e+01
7.734326824202749640e-01 1.435506597744720203e+01
7.750142357837825902e-01 1.435571646718613614e+01
7.751987096166428337e-01 1.435579656020767736e+01
7.753831834495030773e-01 1.435587753233980557e+01
7.757521311152235644e-01 1.435604211126518770e+01
7.764900264466645385e-01 1.435638178911555585e+01
7.779658171095463759e-01 1.435710307624227866e+01
7.781502909424065084e-01 1.435719715532366969e+01
7.783347647752667520e-01 1.435729210292116065e+01
7.787037124409872391e-01 1.435748460103927115e+01
7.794416077724282133e-01 1.435787999064621978e+01
7.809173984353101616e-01 1.435871219735163251e+01
7.811018722681704052e-01 1.435882009436002171e+01
7.812863461010306487e-01 1.435892884947289438e+01
7.816552937667511358e-01 1.435914893143470117e+01
7.823931890981919990e-01 1.435959936429499884e+01
7.838689797610738363e-01 1.436054116229535715e+01
7.868205610868376221e-01 1.436258734896487788e+01
7.870264896285292799e-01 1.436273814885836764e+01
7.872324181702208268e-01 1.436288999269253708e+01
7.876442752536041425e-01 1.436319680872041538e+01
7.884679894203707740e-01 1.436382293003107158e+01
7.901154177539038148e-01 1.436512493707895466e+01
7.934102744209698965e-01 1.436792648196009559e+01
7.936162029626615544e-01 1.436811026353488252e+01
7.938221315043532123e-01 1.436829506184831118e+01
7.942339885877364170e-01 1.436866770535696247e+01
7.950577027545029374e-01 1.436942515663205810e+01
7.967051310880359782e-01 1.437098853086895645e+01
7.969110596297276361e-01 1.437118848080666922e+01
7.971169881714192940e-01 1.437138943426715265e+01
7.975288452548024987e-01 1.437179434848736292e+01
7.983525594215690191e-01 1.437261618329401891e+01
7.985584879632606770e-01 1.437282413857643526e+01
7.987644165049523348e-01 1.437303309086811787e+01
7.991762735883355395e-01 1.437345398324045398e+01
7.993822021300271974e-01 1.437366592170439894e+01
7.995881306717187442e-01 1.437387885394361220e+01
7.997940592134104021e-01 1.437409277915234895e+01
7.999999877551020599e-01 1.437430769652591245e+01
8.000000244897960133e-01 1.437430773495231051e+01
8.003680614896497847e-01 1.437469430578841845e+01
8.007360984895034450e-01 1.437508403855579076e+01
8.014721724892108767e-01 1.437587297160058242e+01
8.029443204886257401e-01 1.437748858029191190e+01
8.058886164874554670e-01 1.438086975660743860e+01
8.117772084851149206e-01 1.438822397972244893e+01
8.121452454849686919e-01 1.438870951117908703e+01
8.125132824848223523e-01 1.438919806290258840e+01
8.132493564845297840e-01 1.439018421005969373e+01
8.147215044839446474e-01 1.439219256004897041e+01
8.176658004827743742e-01 1.439635253686377503e+01
8.235543924804338278e-01 1.440523814747123232e+01
8.239533867619719398e-01 1.440586717695054908e+01
8.243523810435101629e-01 1.440649960002314955e+01
8.251503696065864979e-01 1.440777460657115583e+01
8.267463467327391680e-01 1.441036511926221308e+01
8.299383009850446191e-01 1.441570701632163676e+01
8.363222094896554104e-01 1.442702543164823048e+01
8.490900264988769930e-01 1.445213211521576113e+01
8.494625801052586578e-01 1.445291298953902093e+01
8.498351337116404336e-01 1.445369655726598701e+01
8.505802409244038742e-01 1.445527175850984136e+01
8.520704553499308664e-01 1.445845432360679794e+01
8.550508842009847399e-01 1.446494730586247357e+01
8.610117419030924868e-01 1.447843838670120853e+01
8.729334573073078696e-01 1.450739215397300619e+01
8.963091746516655967e-01 1.457144149576084047e+01
9.216661580238287854e-01 1.465110595699147744e+01
9.453309381859796856e-01 1.473429908509748465e+01
9.709769843759358254e-01 1.483338475333673578e+01
9.961553171018189268e-01 1.493905749006385619e+01
1.019641446617689962e+00 1.504461746666155797e+01
1.045108842161366347e+00 1.516621340196867251e+01
1.068884034495030333e+00 1.528601909422884653e+01
1.092191513364621391e+00 1.540902007592308642e+01
1.117480258262017800e+00 1.554834920131027509e+01
1.141076799949402032e+00 1.568357428144569177e+01
1.166654607664591614e+00 1.583554598274358582e+01
1.191764701915708047e+00 1.598992266774008364e+01
1.215182592956812302e+00 1.613830301188406935e+01
1.240581750025721908e+00 1.630382648363379872e+01
1.264288703884619114e+00 1.646244656464168443e+01
1.289976923771321671e+00 1.663862872063496923e+01
1.315197430193951300e+00 1.681578447869879867e+01
1.338725733406568530e+00 1.698464547969698302e+01
1.364235302646991110e+00 1.717149961968398131e+01
1.388052668677401513e+00 1.734938083135793718e+01
1.411402321243738989e+00 1.752687157976608745e+01
1.436733239837881593e+00 1.772278783239832478e+01
1.460371955222012019e+00 1.790868042510756908e+01
1.485991936633947796e+00 1.811339557854062221e+01
1.511144204581810646e+00 1.831756178523323797e+01
1.534604269319661096e+00 1.851076273896929436e+01
1.560045600085316897e+00 1.872322509842649652e+01
1.583794727640960520e+00 1.892425457395631838e+01
1.607076141732530994e+00 1.912379627160430218e+01
1.632338821851906818e+00 1.934302618446078270e+01
1.655909298761270465e+00 1.955005853222671064e+01
1.681461041698439463e+00 1.977714959772852765e+01
1.705320581425596282e+00 1.999164744439710262e+01
1.728712407688679953e+00 2.020419122836426240e+01
1.754085499979568974e+00 2.043721192736219550e+01
1.777766389060445817e+00 2.065697553581034995e+01
1.803428544169128012e+00 2.089757316401406939e+01
1.828622985813737056e+00 2.113622241648213773e+01
1.852125224248333923e+00 2.136098562002700518e+01
1.877608728710736141e+00 2.160699967783097364e+01
1.901400029963126181e+00 2.183881029707203325e+01
1.924723617751443072e+00 2.206803646982143974e+01
1.950028471567565314e+00 2.231891566481236566e+01
1.973641122173675377e+00 2.255504017252073723e+01
1.974052979257058693e+00 2.255917589155788505e+01
1.974464836340442009e+00 2.256331219743421812e+01
1.975288550507208418e+00 2.257158656918069184e+01
1.976935978840741459e+00 2.258814234949560174e+01
1.980230835507807541e+00 2.262128203160874662e+01
1.986820548841939704e+00 2.268767367672898772e+01
1.987232405925323020e+00 2.269182811727607785e+01
1.987644263008706336e+00 2.269598314098828240e+01
1.988467977175472745e+00 2.270429493747066729e+01
1.990115405509005786e+00 2.272092552352959061e+01
1.993410262176071868e+00 2.275421464294507246e+01
1.993822119259455183e+00 2.275837840076033558e+01
1.994233976342838499e+00 2.276254273996295652e+01
1.995057690509604909e+00 2.277087316204524825e+01
1.996705118843137949e+00 2.278754097790555733e+01
1.997116975926521265e+00 2.279170938366155852e+01
1.997528833009904581e+00 2.279587836991331073e+01
1.998352547176670990e+00 2.280421808347071178e+01
1.998764404260054306e+00 2.280838881053980671e+01
1.999176261343437400e+00 2.281256011766337366e+01
1.999588118426820715e+00 2.281673200475376362e+01
1.999999975510204031e+00 2.282090447167012215e+01
2.000000040816326319e+00 2.282090513331868564e+01
2.000613435816082308e+00 2.282712042762619475e+01
2.001226830815838742e+00 2.283333700749137307e+01
2.002453620815351165e+00 2.284577402240120847e+01
2.004907200814376012e+00 2.287066346287561558e+01
2.009814360812425260e+00 2.292050390612660848e+01
2.019628680808524201e+00 2.302043040490507408e+01
2.039257320800722528e+00 2.322126085212636326e+01
2.081816710831460693e+00 2.366113749753985118e+01
2.121555762178845228e+00 2.407726227147088593e+01
2.160515291086108292e+00 2.449020557065309234e+01
2.202776930039713310e+00 2.494364362652727607e+01
2.242218230309964699e+00 2.537190878302666164e+01
2.284961640626558488e+00 2.584150092435882229e+01
2.326925528503030360e+00 2.630799641482047591e+01
2.366069077696148604e+00 2.674796504789399521e+01
2.408514736935608802e+00 2.723025460049992574e+01
2.448140057491715371e+00 2.768533631342618051e+01
2.486985855607700024e+00 2.813595672728494179e+01
2.529133763770027077e+00 2.862986616325576250e+01
2.568461333249000500e+00 2.909536311990598278e+01
2.611091012774315878e+00 2.960495930391133257e+01
2.652941169859509785e+00 3.011027060846937076e+01
2.691970988261350062e+00 3.058598871791749829e+01
2.734302916709532294e+00 3.110678673969398744e+01
2.773814506474360897e+00 3.159739337272477755e+01
2.816628206285531899e+00 3.213388131669979941e+01
2.858662383656580985e+00 3.266550835125053709e+01
2.897876222344276442e+00 3.316582295592622387e+01
2.940392171078313854e+00 3.371299407879293852e+01
2.980087781128997637e+00 3.422828339638105888e+01
3.019003868739559504e+00 3.473757210396902906e+01
3.061222066396463770e+00 3.529466419776331065e+01
3.100619925370014407e+00 3.581882878770803558e+01
3.143319894389906999e+00 3.639158015193150675e+01
3.185240340969678119e+00 3.695856484943785603e+01
3.224340448866095610e+00 3.749157431396585594e+01
3.266742666808855056e+00 3.807412962152177727e+01
3.306324546068260872e+00 3.862217641318617467e+01
3.345126902887544773e+00 3.916338941301100363e+01
3.387231369753171073e+00 3.975507950568326976e+01
3.426515497935443744e+00 4.031126999675731071e+01
3.469101736164058369e+00 4.091870594287257035e+01
3.508867635709319366e+00 4.149012128273714239e+01
3.547854012814458891e+00 4.205426852923502423e+01
3.590142499965940370e+00 4.267058898574973824e+01
3.629610648434068221e+00 4.324991587812682070e+01
3.672380906948538470e+00 4.388218071948323029e+01
3.714371643022886804e+00 4.450743165843562821e+01
3.753542040413881509e+00 4.509470495888407982e+01
3.796014547851218168e+00 4.573585766598794322e+01
3.835666716605201199e+00 4.633853113113673317e+01
3.874539362919062313e+00 4.693318719981323994e+01
3.916714119279265827e+00 4.758263755642841630e+01
3.956068536956115711e+00 4.819266654309932818e+01
3.956754965428420867e+00 4.820334110056410282e+01
3.957441393900726467e+00 4.821401682893392859e+01
3.958814250845337668e+00 4.823537181405743723e+01
3.961559964734560069e+00 4.827809588783275530e+01
3.967051392513004870e+00 4.836360041394720355e+01
3.978034248069894474e+00 4.853483493473644472e+01
3.978720676542200074e+00 4.854554707977297312e+01
3.979407105014505674e+00 4.855626038119798693e+01
3.980779961959116875e+00 4.857769052482535699e+01
3.983525675848339276e+00 4.862056488924736186e+01
3.989017103626784078e+00 4.870636994436672040e+01
3.989703532099089678e+00 4.871710085289837622e+01
3.990389960571395278e+00 4.872783294230008977e+01
3.991762817516006479e+00 4.874930063351957443e+01
3.994508531405228879e+00 4.879225008513434858e+01
3.995194959877534480e+00 4.880299036917723754e+01
3.995881388349840080e+00 4.881373184706485802e+01
3.997254245294451280e+00 4.883521829682645432e+01
3.997940673766756881e+00 4.884596328012955979e+01
3.998627102239062481e+00 4.885670944446719233e+01
3.999313530711368081e+00 4.886745677177259495e+01
3.999999959183673681e+00 4.887820527773865109e+01
4.000000030612245183e+00 4.887820639733123329e+01
4.000460076862061953e+00 4.888541072510323460e+01
4.000920123111879612e+00 4.889261558686084896e+01
4.001840215611514040e+00 4.890702688777326301e+01
4.003680400610782897e+00 4.893585580757872577e+01
4.007360770609319722e+00 4.899353891250434145e+01
4.014721510606394261e+00 4.910900621819330780e+01
4.029442990600542451e+00 4.934034493765437190e+01
4.061362533123595853e+00 4.984378953036262061e+01
4.091166821634134365e+00 5.031615395487891362e+01
4.120386468314581663e+00 5.078138910344247137e+01
4.152082697529785094e+00 5.128844513203820554e+01
4.181663672732473636e+00 5.176390218680334243e+01
4.213721230469919199e+00 5.228160359396592582e+01
4.245194146377272659e+00 5.279232729876306252e+01
4.274551808272111231e+00 5.327092359812410649e+01
4.306386052701706824e+00 5.379228801102000546e+01
4.336105043118786639e+00 5.428125543043105239e+01
4.365239391705775240e+00 5.476270607405529489e+01
4.396850322827520863e+00 5.528743432877526942e+01
4.426345999936750708e+00 5.577925502465820529e+01
4.458318259580737575e+00 5.631477234478489891e+01
4.489705877394633227e+00 5.684292441451459155e+01
4.518978241196013101e+00 5.733764833409394157e+01
4.550727187532149998e+00 5.787658753027629643e+01
4.580360879855771117e+00 5.838183311703902945e+01
4.612471154714149257e+00 5.893171297852956769e+01
4.643996787742436183e+00 5.947401641019649077e+01
4.673407166758207332e+00 5.998210669627215452e+01
4.705294128308735502e+00 6.053535007474351204e+01
4.735065835846748783e+00 6.105411539305035973e+01
4.764252901554669961e+00 6.156477426344724790e+01
4.795916549797348161e+00 6.212109111762397617e+01
4.825464944027511471e+00 6.264242708102005253e+01
4.857489920792430915e+00 6.320983641043422097e+01
4.888930255727259144e+00 6.376929100902755465e+01
4.918255336649572484e+00 6.429325141314353687e+01
4.950057000106641958e+00 6.486379956222403109e+01
4.979743409551196542e+00 6.539859173409222137e+01
5.008845177165659912e+00 6.592490572995417608e+01
5.040423527314879415e+00 6.649830821353889121e+01
5.069886623451584029e+00 6.703545759155809947e+01
5.101826302123044776e+00 6.762010721587118667e+01
5.131650726781990635e+00 6.816824177335799106e+01
5.160890509610845278e+00 6.870769695934362176e+01
5.192606874974456055e+00 6.929515338984522543e+01
5.222207986325551943e+00 6.984559777471633879e+01
5.254285680211404852e+00 7.044445611549460295e+01
5.285778732267165658e+00 7.103478634130401304e+01
5.315156530310411576e+00 7.158759738086352797e+01
5.347010910888414514e+00 7.218933280578903577e+01
5.376750037453901676e+00 7.275328962387442289e+01
5.405904522189297623e+00 7.330820129602356872e+01
5.437535589459450591e+00 7.391253482429102917e+01
5.467051402717087782e+00 7.447859800187022472e+01
5.467566224071316761e+00 7.448848928536628478e+01
5.468081045425545739e+00 7.449838154375167676e+01
5.469110688134004583e+00 7.451816833731145095e+01
5.471169973550921384e+00 7.455774933010842176e+01
5.475288544384754985e+00 7.463694124398605823e+01
5.483525686052421300e+00 7.479544483220990969e+01
5.484040507406650278e+00 7.480535691055240477e+01
5.484555328760880144e+00 7.481526912978672783e+01
5.485584971469338100e+00 7.483509644587428511e+01
5.487644256886254013e+00 7.487475749529018287e+01
5.491762827720087614e+00 7.495411037089708373e+01
5.492277649074316592e+00 7.496403254985516185e+01
5.492792470428545570e+00 7.497395487756820387e+01
5.493822113137004415e+00 7.499380183461235561e+01
5.495881398553921215e+00 7.503350362047699207e+01
5.496396219908150194e+00 7.504343018214635208e+01
5.496911041262379172e+00 7.505335815222589702e+01
5.497940683970838016e+00 7.507321482224726594e+01
5.498455505325066994e+00 7.508314491428960480e+01
5.498970326679296861e+00 7.509307431158681823e+01
5.499485148033525839e+00 7.510300494417239747e+01
5.499999969387754817e+00 7.511293651897933898e+01
5.500000010204082024e+00 7.511293695245791469e+01
5.500153358954021243e+00 7.511589558923512300e+01
5.500306707703959574e+00 7.511885403264334116e+01
5.500613405203838013e+00 7.512477084219867152e+01
5.501226800203594891e+00 7.513660583400263704e+01
5.502453590203106870e+00 7.516027763312926879e+01
5.504907170202131717e+00 7.520763221738462789e+01
5.509814330200181409e+00 7.530238380514663277e+01
5.520454177707866172e+00 7.550802494512358010e+01
5.530388940544712639e+00 7.570027928528881489e+01
5.540128822771528405e+00 7.588898926494688624e+01
5.550694232509929549e+00 7.609394914860793335e+01
5.560554557577492396e+00 7.628546896363990015e+01
5.571240410156640621e+00 7.649328341888617899e+01
5.581731382125758145e+00 7.669757056592534639e+01
5.591517269424037373e+00 7.688836272464739352e+01
5.602128684233902867e+00 7.709550620129176934e+01
5.612035014372929176e+00 7.728912682716573102e+01
5.621746463901925672e+00 7.747916302861325732e+01
5.632283440942507546e+00 7.768560492576555987e+01
5.642115333312251124e+00 7.787847145907615243e+01
5.652772753193580080e+00 7.808778844513575734e+01
5.663235292464878334e+00 7.829353967337769404e+01
5.672992747065338293e+00 7.848565789700882078e+01
5.683575729177383629e+00 7.869428418771379086e+01
5.693453626618590668e+00 7.888924992713521078e+01
5.704157051571383086e+00 7.910077102065760357e+01
5.714665595914145690e+00 7.930870264583185758e+01
5.724469055586069111e+00 7.950291656810310315e+01
5.735098042769578797e+00 7.971374384390668411e+01
5.745021945282250186e+00 7.991082446352675106e+01
5.754750967184890875e+00 8.010426197681367455e+01
5.765305516599116942e+00 8.031436469843686154e+01
5.775154981342504712e+00 8.051066856867805654e+01
5.785829973597477860e+00 8.072368452413566331e+01
5.796310085242420307e+00 8.093307102501159989e+01
5.806085112216524458e+00 8.112860474180568815e+01
5.816685666702213986e+00 8.134090812010725813e+01
5.826581136517065218e+00 8.153932708084572312e+01
5.836281725721886637e+00 8.173406322184952444e+01
5.846807842438293434e+00 8.194562182206692569e+01
5.856628874483861935e+00 8.214324572894902587e+01
5.867275434041015814e+00 8.235773626604959929e+01
5.877216908927331396e+00 8.255826327837372958e+01
5.886963503203616277e+00 8.275508559677732023e+01
5.897535624991486536e+00 8.296883104143529408e+01
5.907402662108518498e+00 8.316855876222966515e+01
5.918095226737135839e+00 8.338525239359280761e+01
5.928592910755722478e+00 8.359826251429986144e+01
5.938385510103470821e+00 8.379719672932428409e+01
5.949003636962805430e+00 8.401315679753962229e+01
5.958916679151300855e+00 8.421084670846366294e+01
5.968634840729766466e+00 8.441312952891298949e+01
5.979178529819817456e+00 8.462832459906735494e+01
5.989017134239030149e+00 8.482936184704102800e+01
5.989188741357105883e+00 8.483287015094120420e+01
5.989360348475182505e+00 8.483637389238995752e+01
5.989703562711335749e+00 8.484339712811463130e+01
5.990389991183640461e+00 8.485743463072151371e+01
5.991762848128251662e+00 8.488551005332422505e+01
5.994508562017474063e+00 8.494167217835186534e+01
5.994680169135550685e+00 8.494518171951345664e+01
5.994851776253627307e+00 8.494869376273570083e+01
5.995194990489779663e+00 8.495571523652894541e+01
5.995881418962085263e+00 8.496975952974338497e+01
5.997254275906696463e+00 8.499785409400338665e+01
5.997425883024773086e+00 8.500136483461510295e+01
5.997597490142849708e+00 8.500487841185071147e+01
5.997940704379002064e+00 8.501190092019683675e+01
5.998627132851307664e+00 8.502594913276244881e+01
5.998798739969384286e+00 8.502946402434963602e+01
5.998970347087460020e+00 8.503297349853716014e+01
5.999313561323612376e+00 8.504000099980892458e+01
5.999485168441688998e+00 8.504351218191163753e+01
5.999656775559765620e+00 8.504702597509107420e+01
5.999828382677842242e+00 8.505053938208888553e+01
5.999999989795917976e+00 8.505405309906556965e+01
6.000000004081632810e+00 8.505405194304076133e+01
6.000061343581608142e+00 8.505530839923582676e+01
6.000122683081583475e+00 8.505656502669350516e+01
6.000245362081535028e+00 8.505907588878629610e+01
6.000490720081437246e+00 8.506409881146797147e+01
6.000981436081242570e+00 8.507414420995624482e+01
6.001962868080852331e+00 8.509416773819351931e+01
6.003925732080072741e+00 8.513443376642500482e+01
6.008181671083146824e+00 8.522161705000220877e+01
6.012155576217885766e+00 8.530306341091862521e+01
6.016051529108612073e+00 8.538294817598523423e+01
6.020277693003972530e+00 8.546963972784607222e+01
6.024221823030997847e+00 8.555058700009250572e+01
6.028496164062657314e+00 8.563835208612660210e+01
6.032692552850305034e+00 8.572455950150714443e+01
6.036606907769617614e+00 8.580500869362440142e+01
6.040851473693564344e+00 8.589228293398392111e+01
6.044814005749175045e+00 8.597380332946785586e+01
6.048698585560773999e+00 8.605374648169954810e+01
6.052913376377007104e+00 8.614053365603292889e+01
6.056846133324905068e+00 8.622154706830599480e+01
6.061109101277437183e+00 8.630940068142672317e+01
6.065294116985956663e+00 8.639569564197073248e+01
6.069197098826141001e+00 8.647620814198526773e+01
6.073430291670959491e+00 8.656356410448384509e+01
6.077381450647442840e+00 8.664515910637126694e+01
6.081662820628560340e+00 8.673360343337554923e+01
6.085866238365665204e+00 8.682047774134164797e+01
6.089787622234434927e+00 8.690156055879545249e+01
6.094039217107838802e+00 8.698951277374165159e+01
6.098008778112907535e+00 8.707166444812538941e+01
6.101900386873964521e+00 8.715224685048276854e+01
6.106122206639655658e+00 8.723970080621906220e+01
6.110061992537010767e+00 8.732135262382300311e+01
6.114331989439000026e+00 8.740988824246187505e+01
6.114397490136781244e+00 8.741124399950695079e+01
6.114462990834561573e+00 8.739052909911322331e+01
6.114528491532341903e+00 8.741396234246032293e+01
6.114593992230123121e+00 8.741531968139645414e+01
6.114855995021247104e+00 8.742075461659989344e+01
6.115380000603494182e+00 8.743162563637983453e+01
6.116428011767988338e+00 8.745336075985646573e+01
6.116493512465769555e+00 8.745472247711073521e+01
6.116559013163549885e+00 8.745608076982341572e+01
6.116690014559111432e+00 8.745879808224516694e+01
6.116952017350235415e+00 8.746423073795168079e+01
6.117476022932482493e+00 8.747492250603903585e+01
6.118524034096977537e+00 8.749684349259740657e+01
6.118585128015565644e+00 8.749811314559202913e+01
6.118646221934154639e+00 8.749917205673493470e+01
6.118768409771330852e+00 8.750191775765784996e+01
6.119012785445683278e+00 8.750696318569515597e+01
6.119501536794388130e+00 8.751712955132566663e+01
6.119562630712976237e+00 8.751839604121805394e+01
6.119623724631564343e+00 8.751966521336677829e+01
6.119745912468740556e+00 8.752220041494457803e+01
6.119990288143092982e+00 8.752727300303588720e+01
6.120479039491798723e+00 8.753741593104399499e+01
6.120540133410386829e+00 8.753868447684037335e+01
6.120662321247563931e+00 8.754121751753872616e+01
6.120723415166152037e+00 8.754248912477609679e+01
6.120967790840504463e+00 8.754755852136251804e+01
6.121028884759092570e+00 8.754882961805327568e+01
6.200000006122449392e+00 8.919516932304993873e+01
6.200092015372412391e+00 8.919709568448584491e+01
6.200184024622376278e+00 8.919902455842949962e+01
6.200276033872340165e+00 8.920095395220147338e+01
6.200368043122303163e+00 8.920287843025114682e+01
6.200460052372266162e+00 8.920480710534316415e+01
6.200552061622230049e+00 8.920670173552076676e+01
6.200644070872193936e+00 8.920863181614126347e+01
6.200736080122156935e+00 8.908411310999531452e+01
6.200828089372119933e+00 8.921251548903492790e+01
6.200920098622083820e+00 8.921444148942588015e+01
6.201012107872047707e+00 8.921636740146880129e+01
6.201104117122010706e+00 8.921826865895461367e+01
6.201196126371973705e+00 8.922021369638856925e+01
6.201288135621937592e+00 8.922214911479841248e+01
6.201472154121864477e+00 8.922600346058970899e+01
6.202944302121279563e+00 8.925683348646462889e+01
6.205888598120108846e+00 8.931852258825149704e+01
6.212272506624719526e+00 8.945233008360341387e+01
6.218233364326827051e+00 8.957736409647863240e+01
6.224077293662916510e+00 8.970002735406291094e+01
6.230416539505957196e+00 8.983316294014863956e+01
6.236332734546494727e+00 8.995752022502038869e+01
6.242744246093983485e+00 9.009236960940478411e+01
6.249038829275454177e+00 9.022485432556665330e+01
6.254910361654421713e+00 9.034851450088288516e+01
6.261277210540340477e+00 9.048270002876901685e+01
6.267221008623756084e+00 9.060805362277068298e+01
6.273047878341153627e+00 9.073102573893368117e+01
6.279370064565502396e+00 9.086454225199489088e+01
6.279462238556469345e+00 9.086648760246715995e+01
6.279554412547435405e+00 9.085513316034641207e+01
6.279646586538401465e+00 8.999999984183207857e+01
6.279738760529367525e+00 9.087232618552457097e+01
6.279830934520333585e+00 9.087427400438429004e+01
6.279923108511300534e+00 9.064200877097303533e+01
6.280015282502267482e+00 9.087817284605938539e+01
6.280107456493233542e+00 9.088011843844898863e+01
6.280291804475165662e+00 9.088401145676868964e+01
6.280383978466131722e+00 9.088595976608378635e+01
6.280476152457098671e+00 9.086788605158321275e+01
6.280568326448065619e+00 9.088985353005647028e+01
6.280660500439031679e+00 9.089179779843037466e+01
6.280752674429997739e+00 9.089374750487191079e+01
6.280844848420963800e+00 8.999999969523712195e+01
6.280937022411929860e+00 9.089763902984333299e+01
6.281029196402895920e+00 9.089958988518483807e+01
6.281121370393861980e+00 9.090153691937510416e+01
6.281213544384828928e+00 9.090348361468888072e+01
6.281305718375795877e+00 9.090542921075935112e+01
6.281397892366761937e+00 9.090727674283191106e+01
6.281582240348694057e+00 9.091127606040151932e+01
6.281674414339660117e+00 9.091323038682561730e+01
6.281766588330627066e+00 9.091517842777382441e+01
6.281950936312560074e+00 9.091906920048791108e+01
6.282319632276425203e+00 9.092685509522175380e+01
6.282503980258358212e+00 9.093075493664312603e+01
6.282688328240290332e+00 9.093465454899364886e+01
6.282780502231256392e+00 9.093660029926455479e+01
6.282872676222223340e+00 9.093847997471958422e+01
6.283057024204156349e+00 9.094244245443633190e+01
6.283149198195122409e+00 9.094418945933365706e+01
6.283241372186088469e+00 9.091837120619518942e+01
6.283333546177054529e+00 9.094828747553594894e+01
6.283425720168021478e+00 9.095017548143951558e+01
6.283517894158988426e+00 9.095218079874852890e+01
6.283610068149954486e+00 9.095410485729635752e+01
6.283702242140920546e+00 9.095606177399818648e+01
6.283794416131886607e+00 9.092762301072791331e+01
6.283886590122852667e+00 9.091249441713766544e+01
6.283978764113818727e+00 9.096192723896692200e+01
6.284070938104784787e+00 9.096387075259175958e+01
6.284163112095751735e+00 9.096463788477774415e+01
6.284255286086718684e+00 9.096777203959004510e+01
6.284347460077684744e+00 9.096971664851267292e+01
6.284531808059616864e+00 9.097361316149635968e+01
6.284992678014448941e+00 9.098335417949584780e+01
6.285084852005415001e+00 9.098530478734350879e+01
6.285269199987348010e+00 9.098920062879506077e+01
6.285369113298735044e+00 9.099027774389583101e+01
6.285568939921510001e+00 9.099553676731814278e+01
6.285668853232897035e+00 9.098125935067901082e+01
6.285768766544284958e+00 9.099976173878887664e+01
6.286068506478446949e+00 9.100610245581766833e+01
6.286867812969546776e+00 9.102299327101489723e+01
6.287067639592321733e+00 9.102721939625388359e+01
6.287167552903708767e+00 9.102933277780849153e+01
6.287267466215096690e+00 9.103060816499382213e+01
6.287367379526484612e+00 9.103356195074826474e+01
6.287667119460646603e+00 9.103989557034064717e+01
6.287767032772034526e+00 9.103725642173627364e+01
6.287866946083421560e+00 9.104411989731815424e+01
6.288066772706196517e+00 9.104824074038580761e+01
6.288466425951746430e+00 9.105680164639819907e+01
6.288566339263134353e+00 9.105882259921024513e+01
6.288666252574521387e+00 9.106102287314033106e+01
6.288866079197296344e+00 9.106525091987579401e+01
6.288965992508684266e+00 9.106736641979185265e+01
6.289065905820071301e+00 9.106948093046366921e+01
6.289165819131458335e+00 9.107158968344329253e+01
6.289365645754234180e+00 9.107581662165769387e+01
6.289565472377008248e+00 9.108004285621093743e+01
6.289665385688396171e+00 9.108215724075363084e+01
6.289765298999784093e+00 9.108426866122182730e+01
6.289865212311171128e+00 9.108638131620409695e+01
6.290065038933946084e+00 9.109060689489763263e+01
6.290164952245334007e+00 9.109272074771476468e+01
6.290264865556721041e+00 9.109482995262492011e+01
6.290464692179495998e+00 9.109905902343636797e+01
6.290564605490883920e+00 9.108336341417054882e+01
6.290664518802270955e+00 9.103842309365433039e+01
6.290764432113657989e+00 9.110539786559181152e+01
6.290864345425045911e+00 9.110751651860034883e+01
6.290964258736433834e+00 9.110962768981804061e+01
6.291064172047820868e+00 9.111173741255909420e+01
6.291164085359207903e+00 9.111385228326923880e+01
6.291463825293369894e+00 9.112019198889785798e+01
6.291761738221813616e+00 9.112558590912250622e+01
6.291859824527481493e+00 9.112847217521306220e+01
6.291957910833150258e+00 9.113064390034972462e+01
6.292154083444486901e+00 9.113479846113744998e+01
6.292252169750155666e+00 9.113687013559795957e+01
6.292448342361492308e+00 9.114102037590077998e+01
6.292546428667160185e+00 9.114309820359139280e+01
6.292742601278497716e+00 9.110249753437867071e+01
6.292938773889833470e+00 9.115139949672496300e+01
6.293036860195502236e+00 9.115345371466021618e+01
6.293134946501171001e+00 9.115554597749751053e+01
6.293233032806838878e+00 9.115749814412212970e+01
6.293429205418175520e+00 9.116177675638283517e+01
6.293625378029512163e+00 9.116592723923268693e+01
6.293723464335180928e+00 9.116800216970091242e+01
6.293821550640849694e+00 9.117007531022576927e+01
6.293919636946517571e+00 9.117215217057714938e+01
6.294115809557855101e+00 9.117630288028101404e+01
6.294213895863522978e+00 9.117838159145949817e+01
6.294311982169191744e+00 9.118004577945363565e+01
6.294410068474860509e+00 9.118252335838262468e+01
6.294508154780528386e+00 9.118460502493607578e+01
6.294704327391865917e+00 9.118775541275755359e+01
6.294900500003201671e+00 9.118966911070924652e+01
6.295096672614539202e+00 9.119706049799867742e+01
6.295292845225875844e+00 9.119539459773457679e+01
6.295390931531544609e+00 9.120328514591000157e+01
6.295489017837212486e+00 9.120536154962408659e+01
6.295587104142881252e+00 9.120741708534974634e+01
6.295685190448550017e+00 9.120950818324661213e+01
6.295979449365555425e+00 9.121550862308616558e+01
6.296077535671223302e+00 9.121781506736054723e+01
6.296175621976892067e+00 9.121987881279977728e+01
6.296273708282560833e+00 9.122196879721057883e+01
6.296371794588228710e+00 9.122293948363669358e+01
6.296469880893896587e+00 9.122611956842025904e+01
6.296567967199565352e+00 9.122819764044238866e+01
6.296666053505234117e+00 9.123027134008171402e+01
6.296960312422239525e+00 9.123650103886063789e+01
6.297058398727907402e+00 9.123857953723499747e+01
6.297156485033576168e+00 9.124065749304037354e+01
6.297254571339244933e+00 9.124272762017311322e+01
6.297352657644912810e+00 9.124480832185794554e+01
6.297450743950581575e+00 9.124688352022336346e+01
6.297548830256250341e+00 9.124895873741208163e+01
6.297843089173255748e+00 9.125518749615368108e+01
6.297941175478923626e+00 9.122020775013537275e+01
6.298032651615803168e+00 9.123498728335628982e+01
6.298124127752682710e+00 9.126113608214704698e+01
6.298215603889561365e+00 9.126307584414813334e+01
6.298307080026440907e+00 9.126501194245652471e+01
6.298398556163320450e+00 9.126694272451989320e+01
6.298490032300199104e+00 9.126861216561664492e+01
6.298764460710837731e+00 9.127469176689265851e+01
6.299130365258355013e+00 9.128243900662330645e+01
6.299221841395233668e+00 9.128345567191496457e+01
6.299313317532113210e+00 9.128630861930309948e+01
6.299496269805872295e+00 9.129018853228579644e+01
6.299862174353389577e+00 9.129793315208858928e+01
6.299953650490268231e+00 9.129987192056580625e+01
6.300045126627147773e+00 9.130180794287252866e+01
6.300136602764027316e+00 9.130374326708714250e+01
6.300319555037786401e+00 9.130761969034884373e+01
6.300411031174665055e+00 9.130955692844479188e+01
6.300593983448424140e+00 9.131337648512925398e+01
6.300868411859061879e+00 9.131924338465039170e+01
6.300959887995941422e+00 9.132117976549892546e+01
6.301051364132820964e+00 9.132311089647306801e+01
6.301142840269699619e+00 9.132505530882679068e+01
6.301325792543458704e+00 9.132892054357624545e+01
6.301417268680337358e+00 9.133086811632028912e+01
6.301508744817216900e+00 9.133280165954428753e+01
6.301600220954096443e+00 9.133473892417457307e+01
6.301691697090975985e+00 9.133585278375447558e+01
6.301783173227855528e+00 9.133861208137483345e+01
6.301966125501613725e+00 9.134248279493377254e+01
6.302057601638493267e+00 9.134442644450270166e+01
6.302149077775371921e+00 9.134636115519639077e+01
6.302332030049131006e+00 9.135023679186318191e+01
6.302514982322890091e+00 9.135410597692039403e+01
6.302606458459768746e+00 9.135604911769247849e+01
6.302789410733527831e+00 9.135992521330520333e+01
6.302972363007286027e+00 9.136379840948659137e+01
6.303063839144165570e+00 9.136573220218159008e+01
6.303155315281044224e+00 9.136767511819532217e+01
6.303246791417923767e+00 9.136960983234179423e+01
6.303429743691681963e+00 9.137348742595845863e+01
6.303521219828561506e+00 9.137541860691152351e+01
6.303612695965441048e+00 9.137731924928229432e+01
6.303894863696498874e+00 9.138333755097650624e+01
6.304093294611099907e+00 9.138644938810645613e+01
6.304192510068400424e+00 9.138803537090929296e+01
6.304291725525700940e+00 9.139174228896925456e+01
6.304390940983001457e+00 9.139384522607493011e+01
6.304490156440301973e+00 9.139535224644092182e+01
6.304688587354903007e+00 9.140015225179936920e+01
6.304787802812203523e+00 9.140225360669946042e+01
6.304887018269504040e+00 9.140434519761130616e+01
6.304986233726804556e+00 9.140645601269055476e+01
6.305085449184105073e+00 9.140856582505135464e+01
6.305184664641405590e+00 9.141066185884227480e+01
6.305283880098706106e+00 9.141276537798508173e+01
6.305383095556006623e+00 9.141486746424551768e+01
6.305482311013307140e+00 9.141695990705410679e+01
6.305680741927908173e+00 9.142117672113367632e+01
6.305779957385208689e+00 9.142327228667633676e+01
6.305879172842509206e+00 9.142537552601226025e+01
6.305978388299809723e+00 9.142747892912689167e+01
6.306176819214409868e+00 9.143168337177452543e+01
6.306375250129010013e+00 9.143587711301110232e+01
6.306573681043611046e+00 9.142324068608107268e+01
6.306772111958212079e+00 9.143917483388287337e+01
6.306871327415512596e+00 9.144639819666892322e+01
6.307069758330113629e+00 9.145059307763952461e+01
6.307168973787414146e+00 9.145270574950136222e+01
6.307268189244714662e+00 9.145480740758041804e+01
6.307466620159315696e+00 9.145899654069380347e+01
6.307565835616616212e+00 9.146111381511383343e+01
6.307665051073916729e+00 9.146321458308976560e+01
6.307764266531216357e+00 9.146340904298898522e+01
6.307962697445816502e+00 9.146952466178586860e+01
6.308161128360417536e+00 9.147366369705336808e+01
6.308260343817718052e+00 9.147583610009920108e+01
6.308557990189619602e+00 9.145793241592271272e+01
6.308657205646920119e+00 9.148424090574870604e+01
6.308756421104220635e+00 9.148634692178785599e+01
6.308855636561521152e+00 9.148843461956633405e+01
6.308954852018821668e+00 9.149055213239449813e+01
6.309054067476122185e+00 9.149265692985925114e+01
6.309153282933422702e+00 9.149475884949160331e+01
6.309252498390723218e+00 9.149681327753683036e+01
6.309351713848022847e+00 9.149896060469899339e+01
6.309450929305322475e+00 9.150106672711169153e+01
6.309649360219923508e+00 9.150527421047645760e+01
6.309847791134524542e+00 9.150947947298537599e+01
6.309947006591825058e+00 9.151158342286845482e+01
6.310046222049125575e+00 9.151368539292806759e+01
6.310145437506426092e+00 9.151579033380023986e+01
6.310238042794937385e+00 9.151775474078658590e+01
6.310330648083448679e+00 9.151750374664501919e+01
6.310423253371959973e+00 9.152167834414630931e+01
6.310515858660471267e+00 9.151877675888493968e+01
6.310608463948982561e+00 9.152560297222960628e+01
6.310701069237493854e+00 9.152720735769433702e+01
6.310886279814516442e+00 9.153149619659231462e+01
6.310978885103027736e+00 9.153345891701600578e+01
6.311071490391539029e+00 9.153541847923632702e+01
6.311164095680050323e+00 9.153738651336711030e+01
6.311256700968561617e+00 9.153927294944965354e+01
6.311534516834095498e+00 9.154523300427129584e+01
6.311812332699629380e+00 9.155113264395556882e+01
6.311997543276651967e+00 9.155505049148854368e+01
6.312182753853674555e+00 9.155892115981680490e+01
6.312367964430697143e+00 9.156290722641442414e+01
6.312553175007719730e+00 9.156683103314166772e+01
6.312645780296231024e+00 9.156879720024934954e+01
6.312830990873253612e+00 9.157272627104967455e+01
6.312923596161764905e+00 9.157466760256629357e+01
6.313108806738787493e+00 9.156214644729628560e+01
6.313201412027298787e+00 9.158057568107130919e+01
6.313294017315810081e+00 9.158253865498248558e+01
6.313571833181343962e+00 9.158843108238085051e+01
6.313664438469855256e+00 9.159038246723942223e+01
6.500000006122449214e+00 9.540298400603002449e+01
6.500368043122302097e+00 9.559022283830033473e+01
6.500644070872192870e+00 9.559510389945913289e+01
6.500920098622082755e+00 9.560217231689777861e+01
6.501104117122009640e+00 9.560463877457036119e+01
6.501196126371972639e+00 9.560813880231515327e+01
6.501288135621936526e+00 9.561013564413106280e+01
6.501380144871900413e+00 9.561106821709526571e+01
6.501564163371826410e+00 9.561611259685105324e+01
6.501656172621790297e+00 9.561785610377236821e+01
6.501932200371680182e+00 9.562408203280888586e+01
6.502024209621644069e+00 9.562607402013976809e+01
6.502116218871607956e+00 9.562784073829084264e+01
6.502300237371533953e+00 9.563165956298301751e+01
6.502576265121424726e+00 9.563792333110801280e+01
6.502668274371387724e+00 9.564001136439844686e+01
6.502852292871315498e+00 9.564351828282961776e+01
6.503128320621205383e+00 9.564865868653552639e+01
6.503496357621059154e+00 9.565792183013310535e+01
6.503680376120986040e+00 9.566188105761196425e+01
6.503864394620912925e+00 9.566590694594708566e+01
6.504232431620766697e+00 9.567387947021755679e+01
6.504416450120693582e+00 9.567786359953328201e+01
6.504600468620620468e+00 9.568183804793898162e+01
6.504784487120547354e+00 9.568583559977382436e+01
6.505152524120401125e+00 9.569379573280070872e+01
6.505888598120108668e+00 9.570973476403887048e+01
6.505988346690493529e+00 9.571169605896272969e+01
6.506088095260877502e+00 9.571399705884759612e+01
6.506287592401646336e+00 9.571821255839753917e+01
6.506686586683184892e+00 9.572700785392187584e+01
6.506786335253568865e+00 9.572914901609645710e+01
6.506985832394338587e+00 9.573332735380266456e+01
6.507285078105492282e+00 9.573997571407585383e+01
6.507384826675876255e+00 9.574212820722763695e+01
6.507484575246261116e+00 9.574429096265089356e+01
6.507783820957413923e+00 9.575077442470613676e+01
6.507883569527798784e+00 9.575233549513004050e+01
6.507983318098183645e+00 9.575509419884438955e+01
6.508083066668568506e+00 9.575725690321883121e+01
6.508182815238953367e+00 9.575941424189386453e+01
6.508282563809337340e+00 9.576157979707562617e+01
6.509280049513182398e+00 9.578254506188592643e+01
6.509379798083566371e+00 9.578506776086764773e+01
6.509778792365105815e+00 9.579397198186352114e+01
6.509978289505873761e+00 9.579801650290001191e+01
6.510078038076258622e+00 9.580047456855784560e+01
6.510177786646643483e+00 9.580263517556569752e+01
6.510277535217028344e+00 9.580478716844922360e+01
6.510377283787413205e+00 9.580674533611983179e+01
6.510576780928181151e+00 9.581119369357489290e+01
6.510676529498566012e+00 9.581322897183171960e+01
6.510876026639335734e+00 9.581766598576997751e+01
6.511075523780104568e+00 9.582207599482676130e+01
6.511175272350488541e+00 9.582424907674979409e+01
6.511474518061643124e+00 9.582880486183185553e+01
6.511574266632027985e+00 9.583273768160502470e+01
6.511773763772795931e+00 9.583720351447890096e+01
6.512073009483950514e+00 9.584369953516618068e+01
6.512172758054335375e+00 9.584569298590632513e+01
6.512831337034292289e+00 9.586013030054354545e+01
6.512924475435887928e+00 9.586214725132948899e+01
6.513110752239079204e+00 9.586607584822928629e+01
6.513203890640674842e+00 9.586819024107450105e+01
6.513297029042270481e+00 9.587021661046706811e+01
6.513576444247055619e+00 9.587628770741598316e+01
6.513762721050246896e+00 9.588030662703931739e+01
6.514135274656628560e+00 9.588838233145368406e+01
6.514507828263010225e+00 9.589645369473872449e+01
6.515066658672582278e+00 9.590856544935917327e+01
6.515252935475773555e+00 9.591042037729982894e+01
6.515439212278964831e+00 9.591606021736789955e+01
6.515625489082155219e+00 9.592066143510497511e+01
6.515718627483749970e+00 9.592270337848383122e+01
6.515811765885345608e+00 9.592471913740247658e+01
6.515904904286941246e+00 9.592673556970470372e+01
6.516277457893323799e+00 9.593313871138134630e+01
6.516556873098108937e+00 9.594081489005708363e+01
6.516650011499704576e+00 9.594289283165545612e+01
6.516836288302895852e+00 9.594381945206704643e+01
6.517022565106087129e+00 9.595074913366372016e+01
6.517115703507681879e+00 9.595294528243016430e+01
6.517395118712467905e+00 9.595903571965068579e+01
6.517674533917254820e+00 9.596153095576607939e+01
6.517767672318850458e+00 9.596712027644731791e+01
6.517953949122039958e+00 9.596775554707667766e+01
6.518047087523635597e+00 9.597276664423489478e+01
6.518324675722703354e+00 9.597857955372863614e+01
6.518415987118579835e+00 9.598117314743429063e+01
6.518507298514456316e+00 9.598300272577040460e+01
6.518598609910332797e+00 9.598514282299385059e+01
6.518689921306209278e+00 9.613994933063310100e+01
6.525860206556272303e+00 9.614250728358685194e+01
6.525959257272569758e+00 9.614481217925792578e+01
6.526157358705164668e+00 9.614668316273724713e+01
6.526553561570354489e+00 9.615743926103698413e+01
6.526949764435544310e+00 9.616625060739927733e+01
6.527940271598518862e+00 9.618779660669738973e+01
6.528039322314816317e+00 9.618995775527881165e+01
6.528237423747411228e+00 9.619424587494165735e+01
6.528336474463708683e+00 9.619637742150517568e+01
6.528534575896303593e+00 9.620069721209247859e+01
6.528633626612601049e+00 9.620285015639261417e+01
6.528732677328898504e+00 9.620500187328576658e+01
6.528831728045196847e+00 9.620710752355560658e+01
6.529029829477792646e+00 9.621141040640675612e+01
6.529128880194090101e+00 9.621359714668784591e+01
6.529227930910387556e+00 9.621574788755884811e+01
6.529921285924469743e+00 9.623080868938724564e+01
6.530119387357064653e+00 9.623427410652459457e+01
6.530416539505957019e+00 9.623850323609542556e+01
6.530508980053465251e+00 9.624355951072040227e+01
6.530601420600973483e+00 9.624557649973026230e+01
6.530786301695990836e+00 9.624843280399042555e+01
6.531156063886024654e+00 9.625761189243611682e+01
6.531340944981041119e+00 9.626161736971573646e+01
6.531525826076057584e+00 9.626565075720930054e+01
6.531895588266091401e+00 9.627343842217506165e+01
6.532080469361108754e+00 9.627760282568370087e+01
6.532265350456125219e+00 9.628169327219492857e+01
6.532542672098649916e+00 9.628758298208197175e+01
6.532635112646158149e+00 9.628971868759008146e+01
6.532727553193666381e+00 9.629174394508245882e+01
6.532912434288682846e+00 9.629529005753926185e+01
6.533004874836191966e+00 9.629732678109117217e+01
6.533097315383701087e+00 9.629960982230623756e+01
6.533189755931209319e+00 9.630014628370264518e+01
6.533467077573734016e+00 9.630777976692310460e+01
6.533559518121242249e+00 9.630950618270458108e+01
6.534114161406293420e+00 9.632167271172737344e+01
6.534299042501309884e+00 9.632586615825390197e+01
6.534391483048818117e+00 9.632723693740716442e+01
6.534483923596326349e+00 9.632988497519656335e+01
6.534668804691342814e+00 9.633251194321550770e+01
6.534761245238851046e+00 9.633587616767849227e+01
6.535131007428885752e+00 9.634393384800419824e+01
6.535223447976393985e+00 9.634592317538745476e+01
6.535408329071410449e+00 9.634804344594680003e+01
6.535593210166426914e+00 9.635369191845876458e+01
6.535685650713935146e+00 9.635392010979022359e+01
6.535870531808951611e+00 9.636000463534477944e+01
6.536147853451478085e+00 9.636496460343889225e+01
6.536240293998986317e+00 9.636804293756590312e+01
6.536432914414424644e+00 9.637221839775095589e+01
6.536633274150283057e+00 9.637542060710006808e+01
6.536833633886142358e+00 9.638092687584129692e+01
6.537134173489930866e+00 9.638495707620576525e+01
6.537334533225790167e+00 9.639180042760897038e+01
6.537935612433367183e+00 9.640487169612242724e+01
6.538035792301296389e+00 9.640704240835756877e+01
6.538236152037155691e+00 9.641140072802349437e+01
6.538436511773014104e+00 9.641565438296876778e+01
6.538737051376802611e+00 9.642228865006120486e+01
6.538837231244732706e+00 9.642446004335833720e+01
6.539438310452309722e+00 9.643752236266874434e+01
6.539538490320238928e+00 9.643969951290713993e+01
6.539738850056098229e+00 9.644405612642323433e+01
6.539939209791956642e+00 9.644602368777815116e+01
6.540039389659886737e+00 9.645059018357108016e+01
6.540139569527815944e+00 9.645276989962205505e+01
6.540239749395745150e+00 9.645493943627900535e+01
6.540440109131604451e+00 9.645928741893429503e+01
6.540941008471252260e+00 9.646642727579208554e+01
6.541341727942969975e+00 9.647882780040522732e+01
6.541542087678829276e+00 9.648324492800121277e+01
6.541742447414687689e+00 9.648760831770873381e+01
6.542143166886406291e+00 9.649631916412148769e+01
6.542243346754335498e+00 9.649849772084159838e+01
6.542343526622264704e+00 9.650066773155160149e+01
6.543236010405035330e+00 9.651945091577823632e+01
6.543334363267246268e+00 9.652219778699277697e+01
6.543432716129457205e+00 9.652383190806844482e+01
6.543531068991667254e+00 9.652641481368837617e+01
6.543924480440509228e+00 9.653503502065457553e+01
6.544022833302719278e+00 9.653714172372671953e+01
6.544121186164930215e+00 9.653930903356166482e+01
6.544317891889351202e+00 9.654360111783869058e+01
6.544612950475983126e+00 9.655000738116328307e+01
6.545399773373667074e+00 9.656649845117880204e+01
6.545498126235877123e+00 9.656924014480837570e+01
6.545596479098087173e+00 9.657134976580634600e+01
6.545891537684719097e+00 9.657781105495024576e+01
6.546186596271351021e+00 9.658423070530253085e+01
6.546284949133561071e+00 9.658636998636376347e+01
6.546383301995771120e+00 9.658849894374371559e+01
6.546580007720192995e+00 9.659275772833618134e+01
6.546776713444613094e+00 9.659518201389965952e+01
6.546875066306824031e+00 9.659921090335188865e+01
6.546973419169034969e+00 9.660021113605313303e+01
6.547268477755666005e+00 9.660775052696227760e+01
6.547760242066718916e+00 9.661845720681894534e+01
6.547858594928928966e+00 9.662059196661901694e+01
6.548350359239980989e+00 9.663028141597033027e+01
6.548448712102191926e+00 9.663341099023924130e+01
6.548547064964402864e+00 9.663557877581929745e+01
6.548645417826612913e+00 9.663687069103222882e+01
6.548743770688822963e+00 9.663981550812808052e+01
6.548842123551033012e+00 9.664199039267117541e+01
6.548940476413243061e+00 9.664409017198055096e+01
6.549130571968875714e+00 9.664826307231321323e+01
6.549222314662296540e+00 9.664875738874607691e+01
6.549314057355718255e+00 9.665115394478593203e+01
6.549681028129404226e+00 9.666023433768411621e+01
6.549864513516245879e+00 9.666423925337225853e+01
6.549956256209667593e+00 9.666623199383337806e+01
6.550598455063616044e+00 9.668019478030801395e+01
6.550781940450459473e+00 9.668392177712455293e+01
6.551515881997830526e+00 9.670016678903454022e+01
6.551974595464937323e+00 9.670999659963185024e+01
6.552341566238622406e+00 9.671813138306622193e+01
6.552525051625465835e+00 9.672187135384726275e+01
6.552708537012308376e+00 9.672430666889150075e+01
6.552892022399150918e+00 9.673011087907782724e+01
6.553075507785994347e+00 9.673065978223898753e+01
6.553167250479415173e+00 9.673610129240455535e+01
6.553258993172836888e+00 9.673809609481868677e+01
6.553534221253100256e+00 9.674301463338998985e+01
6.553992934720207941e+00 9.675392088797664769e+01
6.554268162800472197e+00 9.675995084444910788e+01
6.554726876267578994e+00 9.676091396575944259e+01
6.554910361654421536e+00 9.677403241624949715e+01
6.555109325682106913e+00 9.677830093544598355e+01
6.555308289709791403e+00 9.678265714761978700e+01
6.555706217765161270e+00 9.679062144837041615e+01
6.555805699779003959e+00 9.679246072963164238e+01
6.556203627834372938e+00 9.680206084740045469e+01
6.556502073875901004e+00 9.680843667654204410e+01
6.556701037903586382e+00 9.681259681655494376e+01
6.556999483945112672e+00 9.681745942982726660e+01
6.557198447972798050e+00 9.682385576488734102e+01
6.557297929986640739e+00 9.682596050457850367e+01
6.557695858042010606e+00 9.683465828439656775e+01
6.557894822069695095e+00 9.683534475562566968e+01
6.558193268111223162e+00 9.684551360194704728e+01
6.558591196166592141e+00 9.685093389023103327e+01
6.558790160194277519e+00 9.685851780677279521e+01
6.558889642208120208e+00 9.686065234602253327e+01
6.559088606235805585e+00 9.686500863251143301e+01
6.559287570263490075e+00 9.686932847163855342e+01
6.559387052277331875e+00 9.687024581864999107e+01
6.559486534291174564e+00 9.687367525114152045e+01
6.559983944360388008e+00 9.688451135023157690e+01
6.560381872415756987e+00 9.689319219233821912e+01
6.560481354429599676e+00 9.689534203679129121e+01
6.560680318457285054e+00 9.689964901719044121e+01
6.561177728526498498e+00 9.691049518188415846e+01
6.561555826075499809e+00 9.691874860878947118e+01
6.561648697920553275e+00 9.692076851724873165e+01
6.561741569765606741e+00 9.692248126594377311e+01
6.561834441610660207e+00 9.692475629980522456e+01
6.562020185300767139e+00 9.692887226191643890e+01
6.562113057145820605e+00 9.692953145614845312e+01
6.562670288216141401e+00 9.694293204653251905e+01
6.563320391131515663e+00 9.695485961685042753e+01
6.563413262976569129e+00 9.695921789075875097e+01
6.563506134821621707e+00 9.696124408601352229e+01
6.563784750356781217e+00 9.696535030336505656e+01
6.564063365891941615e+00 9.697304874585110213e+01
6.564156237736995081e+00 9.697537252186492651e+01
6.564341981427102013e+00 9.697929796874022657e+01
6.564434853272155479e+00 9.698148048527535536e+01
6.564527725117208945e+00 9.698349977063774929e+01
6.564620596962262411e+00 9.698513214394492365e+01
6.564713468807315877e+00 9.698752236200051868e+01
6.564992084342475387e+00 9.699360620902854180e+01
6.565270699877634897e+00 9.699965271427784330e+01
6.565827930947955693e+00 9.701181885315403974e+01
6.566013674638062625e+00 9.701587900814297427e+01
6.566199418328169557e+00 9.701993305366363529e+01
6.566478033863329067e+00 9.702600427445896969e+01
6.566849521243542043e+00 9.703393528688263814e+01
6.567494143141758833e+00 9.704815081036511515e+01
6.567767277659761760e+00 9.705360710148264047e+01
6.568040412177764686e+00 9.706003943301779202e+01
6.568495636374436231e+00 9.706995897931346917e+01
6.568677726053104848e+00 9.707372412538875039e+01
6.568859815731773466e+00 9.707790198597358255e+01
6.569041905410442084e+00 9.708148861224539417e+01
6.569223995089110701e+00 9.708586573534965680e+01
6.569770264125116555e+00 9.709776921174889708e+01
6.570134443482454678e+00 9.710495652725030880e+01
6.571135936715132964e+00 9.712755777600142437e+01
6.571318026393801581e+00 9.713150388644140776e+01
6.571500116072470199e+00 9.713385701751440138e+01
6.571682205751138817e+00 9.713945468575676045e+01
6.571864295429807434e+00 9.714344299735250843e+01
6.571955340269141743e+00 9.714533905131651181e+01
6.572228474787144670e+00 9.715137276807519129e+01
6.572319519626478979e+00 9.715333769821229737e+01
6.572410564465813287e+00 9.715367130337556034e+01
6.572592654144481905e+00 9.715867803265801683e+01
6.572683698983816214e+00 9.716129500227191329e+01
6.572865788662484832e+00 9.716527447445457710e+01
6.573344230820419298e+00 9.717293021073535897e+01
6.573541799139931641e+00 9.718001203012342160e+01
6.574035719938708056e+00 9.719054872431057390e+01
6.574332072417973905e+00 9.719725194783791267e+01
6.574529640737484470e+00 9.720153748910567515e+01
6.574727209056996813e+00 9.720587260496127158e+01
6.575418698175283794e+00 9.722022380621989157e+01
6.575616266494794360e+00 9.722105321744329842e+01
6.575715050654549643e+00 9.722741988722965800e+01
6.576011403133817268e+00 9.723389217250537797e+01
6.576110187293572551e+00 9.723533679281969455e+01
6.576208971453327834e+00 9.723828085136865695e+01
6.576307755613083117e+00 9.723958968682458703e+01
6.576406539772838400e+00 9.724250993632637119e+01
6.576801676411861308e+00 9.725075901437129744e+01
6.576900460571616591e+00 9.725241567263400100e+01
6.577196813050882440e+00 9.725974897632144689e+01
6.577295597210637723e+00 9.726186818919377686e+01
6.577394381370393006e+00 9.726406104942000752e+01
6.577493165530148289e+00 9.726622354335255238e+01
6.577690733849658855e+00 9.726955512847780483e+01
6.578184654648437046e+00 9.728130225455149116e+01
6.578481007127702895e+00 9.728776119764265218e+01
6.578579791287458178e+00 9.728911334883869699e+01
6.578777359606968744e+00 9.729353971962625280e+01
6.578876143766724027e+00 9.729640558983545873e+01
6.579073712086236370e+00 9.729971827537957552e+01
6.579172496245991653e+00 9.730232906196779652e+01
6.579554412547434339e+00 9.731119517648259887e+01
6.579646586538400399e+00 9.731142141158633763e+01
6.580015282502266416e+00 9.732125484024962248e+01
6.580107456493232476e+00 9.732212064822185482e+01
6.580383978466132433e+00 9.732791010727116543e+01
6.580660500439030614e+00 9.733535497096242750e+01
6.580752674429996674e+00 9.733735228866240163e+01
6.580937022411930570e+00 9.734137901345988553e+01
6.581121370393862691e+00 9.734271822636718241e+01
6.581582240348694768e+00 9.735545871953611652e+01
6.581674414339660828e+00 9.735747081200385367e+01
6.582043110303526845e+00 9.736115404354598013e+01
6.582135284294492905e+00 9.736747139514528726e+01
6.582411806267391086e+00 9.737202442607424757e+01
6.582688328240290154e+00 9.737961289592639957e+01
6.582872676222223163e+00 9.738174852630210410e+01
6.583241372186088292e+00 9.739167759755147813e+01
6.583702242140919481e+00 9.740099732208734906e+01
6.583794416131886429e+00 9.740363922388182516e+01
6.584070938104785498e+00 9.740978996607032059e+01
6.584255286086717618e+00 9.741286943082472760e+01
6.584439634068651515e+00 9.741782554974891184e+01
6.584716156041549695e+00 9.742388747194992504e+01
6.584900504023482704e+00 9.742754571303613886e+01
6.585269199987347832e+00 9.743299188197489968e+01
6.585568939921509823e+00 9.744252834999907975e+01
6.585668853232897746e+00 9.744468718471229352e+01
6.585768766544285668e+00 9.744688205756958155e+01
6.585868679855672703e+00 9.744791305811277482e+01
6.586068506478447659e+00 9.745342568056801724e+01
6.586667986346772530e+00 9.745905886932230544e+01
6.586767899658159564e+00 9.746835626094863869e+01
6.588466425951746253e+00 9.750391674004116283e+01
6.588666252574521209e+00 9.750793228954120195e+01
6.588965992508683200e+00 9.751665076558897738e+01
6.589165819131457269e+00 9.752108424963591915e+01
6.589365645754233114e+00 9.752247818942844049e+01
6.589465559065620148e+00 9.752763092718257099e+01
6.589765298999783028e+00 9.753417021047359015e+01
6.589865212311170062e+00 9.753636405848980928e+01
6.590164952245332941e+00 9.754291413892727292e+01
6.590664518802269889e+00 9.755349455350223309e+01
6.590764432113656923e+00 9.755599920353652976e+01
6.590864345425044846e+00 9.755816776360560993e+01
6.590964258736432768e+00 9.756037385111291371e+01
6.591064172047819802e+00 9.756245560209492851e+01
6.591363911981982682e+00 9.756909320331060087e+01
6.591563738604756750e+00 9.757346976285410278e+01
6.591663651916144673e+00 9.757563080723723203e+01
6.591957910833150081e+00 9.758186049444347532e+01
6.592055997138817958e+00 9.758423811861983665e+01
6.592448342361492131e+00 9.759281072003928159e+01
6.593036860195502946e+00 9.760566819404100158e+01
6.593233032806839589e+00 9.760996146864410150e+01
6.593625378029512873e+00 9.761852723993912662e+01
6.593821550640850404e+00 9.762262349049312604e+01
6.593919636946518281e+00 9.762496467353321350e+01
6.594115809557855812e+00 9.762919591776692130e+01
6.594213895863523689e+00 9.763139303587833240e+01
6.594998586308871147e+00 9.764831558172770087e+01
6.595489017837213197e+00 9.765926725795446828e+01
6.595881363059887370e+00 9.766785108117612424e+01
6.595979449365556135e+00 9.766816261352842332e+01
6.596077535671224013e+00 9.767030443647200855e+01
6.596273708282561543e+00 9.767506441936170347e+01
6.596764139810902705e+00 9.767890808768744648e+01
6.596960312422239348e+00 9.769144357583117255e+01
6.597156485033575990e+00 9.769384389996618268e+01
6.597646916561918040e+00 9.770638581585554050e+01
6.597843089173254683e+00 9.770922445434270287e+01
6.598032651615802990e+00 9.771485919088515004e+01
6.598672984573957123e+00 9.772887866281260472e+01
6.598764460710836666e+00 9.773089233842114254e+01
6.599038889121474405e+00 9.773686865224024700e+01
6.599404793668991687e+00 9.774427387911757137e+01
6.599770698216508968e+00 9.775289647674340188e+01
6.599953650490267165e+00 9.775686367702159885e+01
6.600411031174663989e+00 9.776691871797234512e+01
6.600959887995940356e+00 9.777371235322146958e+01
6.601051364132819899e+00 9.778088307005987190e+01
6.601234316406578095e+00 9.778418760415799227e+01
6.601600220954095377e+00 9.778896729747567917e+01
6.601783173227854462e+00 9.779691833290503666e+01
6.601966125501612659e+00 9.780091826640853014e+01
6.602057601638492201e+00 9.780292712488321172e+01
6.602789410733526765e+00 9.781882077418177346e+01
6.602880886870405419e+00 9.782093960403490485e+01
6.603246791417923589e+00 9.782529965914439174e+01
6.603704172102319525e+00 9.783299742876836547e+01
6.603894863696499584e+00 9.783837926273962182e+01
6.604589371897602312e+00 9.785794513694044383e+01
6.604887018269502974e+00 9.786483829333600681e+01
6.604986233726803491e+00 9.786700390241087177e+01
6.605383095556005557e+00 9.787570232160820183e+01
6.605680741927907107e+00 9.787892432202247051e+01
6.605879172842508140e+00 9.788655995264028320e+01
6.605978388299808657e+00 9.788872450140289061e+01
6.606077603757109173e+00 9.789057719527491486e+01
6.606474465586309464e+00 9.789946726177544178e+01
6.606573681043609980e+00 9.790175327510824843e+01
6.606772111958211013e+00 9.790600536390967079e+01
6.606871327415511530e+00 9.790827842725961716e+01
6.606970542872812047e+00 9.791031549506951137e+01
6.607565835616615146e+00 9.791659310175566588e+01
6.607665051073915663e+00 9.792504307227090976e+01
6.608161128360416470e+00 9.793508442195823704e+01
6.608756421104219569e+00 9.794952013797890800e+01
6.608855636561520086e+00 9.794994253657935701e+01
6.608954852018820603e+00 9.795264360577110097e+01
6.609153282933421636e+00 9.795823164179215325e+01
6.609450929305323186e+00 9.796454517690597186e+01
6.609649360219924219e+00 9.796909364004483223e+01
6.610046222049126285e+00 9.797771054505921029e+01
6.610145437506425914e+00 9.797993496253030798e+01
6.610515858660471977e+00 9.798603587934577774e+01
6.610608463948983271e+00 9.798615361824863612e+01
6.610701069237494565e+00 9.799212421515433391e+01
6.611256700968562328e+00 9.799895686863864341e+01
6.611627122122607503e+00 9.800692239824822138e+01
6.612460569719209147e+00 9.803026144719927970e+01
6.612553175007720441e+00 9.803263675694745416e+01
6.612645780296231734e+00 9.803448297187118499e+01
6.613201412027299497e+00 9.804687990446764445e+01
6.613479227892833379e+00 9.805239448099942479e+01
6.613664438469855966e+00 9.805701260660860896e+01
6.613757043758367260e+00 9.805903953397491080e+01
6.614034859623901141e+00 9.806498374807313212e+01
6.614497886066457610e+00 9.806977056286945071e+01
6.614590491354968904e+00 9.807627661462400681e+01
6.614683096643480198e+00 9.807927313051752094e+01
6.614868307220502786e+00 9.808158399759518886e+01
6.614960912509014079e+00 9.808496143981906812e+01
6.615053517797525373e+00 9.808677867526280636e+01
6.615146123086036667e+00 9.808926645992420390e+01
6.615423938951570548e+00 9.809547437828308603e+01
6.615609149528593136e+00 9.809961745283266055e+01
6.615794360105615723e+00 9.810298961893566627e+01
6.615886965394127017e+00 9.810569927498335119e+01
6.616072175971149605e+00 9.810976992771824712e+01
6.616373209797947297e+00 9.811618034481020345e+01
6.616573899015811833e+00 9.812070563794901545e+01
6.616975277451541793e+00 9.812950960654782762e+01
6.617075622060474061e+00 9.813175947915189568e+01
6.617276311278338596e+00 9.813613767419019496e+01
6.617376655887270864e+00 9.813834575317822839e+01
6.617878378931933980e+00 9.814933869607986594e+01
6.618079068149798516e+00 9.815366306825293918e+01
6.618480446585527588e+00 9.815947428423784515e+01
6.618580791194459856e+00 9.816449896157369892e+01
6.618681135803392124e+00 9.816693817460418359e+01
6.618781480412325280e+00 9.816853114235894395e+01
6.618881825021257548e+00 9.816859116293474585e+01
6.618982169630189816e+00 9.817352705651698841e+01
6.619082514239122972e+00 9.817391608022924743e+01
6.619383548065919776e+00 9.818182291960400221e+01
6.619684581892716579e+00 9.818842663184908304e+01
6.619784926501648847e+00 9.819110893986106703e+01
6.619885271110581115e+00 9.819331108583783418e+01
6.620186304937378807e+00 9.819994928447393079e+01
6.620688027982041035e+00 9.821092283292477987e+01
6.620989061808837839e+00 9.821753080646946898e+01
6.621490784853500955e+00 9.822402889950538452e+01
6.621591129462433223e+00 9.823072251121605802e+01
6.621691474071365491e+00 9.823292954068470806e+01
6.621892163289230027e+00 9.823308985219384226e+01
6.622592748546038521e+00 9.825252379572278016e+01
6.623085336562104963e+00 9.826348899702691142e+01
6.623971994991025625e+00 9.828120089777742407e+01
6.624169030197451846e+00 9.828720444967339631e+01
6.625154206229586507e+00 9.830431965272123307e+01
6.625449759039225839e+00 9.831343207458752431e+01
6.625548276642438950e+00 9.831360435456500113e+01
6.625745311848866947e+00 9.832180684176275065e+01
6.626533452674573610e+00 9.833486507789616837e+01
6.626631970277786721e+00 9.834124676838460744e+01
6.626829005484213830e+00 9.834466102338409144e+01
6.627617146309920493e+00 9.836285124289882731e+01
6.627912699119560713e+00 9.836915208735165095e+01
6.628011216722773824e+00 9.837152562466867778e+01
6.628208251929200934e+00 9.837581824506088424e+01
6.628700839945267376e+00 9.838664705089301776e+01
6.629075079851753927e+00 9.839485752111120576e+01
6.629166987286177815e+00 9.839687673622584896e+01
6.629626524458299031e+00 9.840695355250021237e+01
6.629902246761572471e+00 9.841288341998036060e+01
6.629994154195996359e+00 9.841485567203956464e+01
6.630913228540240567e+00 9.843437347534916171e+01
6.631188950843513119e+00 9.844083538794426147e+01
6.631280858277937895e+00 9.844326360858710245e+01
6.631372765712361783e+00 9.844532613589663583e+01
6.631832302884482999e+00 9.845536343583307826e+01
6.632108025187754663e+00 9.846137634482296619e+01
6.632291840056603327e+00 9.846525280500908650e+01
6.632383747491028103e+00 9.846746329294872169e+01
6.632567562359875879e+00 9.846904652252841572e+01
6.632751377228725431e+00 9.854911503651426585e+01
6.636275781429160858e+00 9.855290535814995678e+01
6.636574721693696333e+00 9.855835450056139280e+01
6.636674368448542083e+00 9.856023193846726826e+01
6.636774015203387833e+00 9.856316059583789979e+01
6.637371895732460558e+00 9.857550430872950642e+01
6.637471542487306309e+00 9.857915115520759741e+01
6.638169069771223008e+00 9.859140144479120238e+01
6.638468010035760258e+00 9.859842889751335804e+01
6.639265184074523596e+00 9.861512775201775582e+01
6.639564124339059958e+00 9.862460662349971585e+01
6.639663771093904820e+00 9.862723627091776279e+01
6.640261651622976657e+00 9.863614962633513983e+01
6.640361298377822408e+00 9.863988117427794577e+01
6.640460945132667270e+00 9.864483293055556601e+01
6.640959178906895133e+00 9.865066891965791740e+01
6.641058825661739995e+00 9.865751167140901146e+01
6.641244898833852162e+00 9.866203278740199778e+01
6.641710081764133022e+00 9.867222732635359250e+01
6.641803118350189550e+00 9.867417178569266412e+01
6.642175264694414771e+00 9.868247099558617208e+01
6.642733484210753048e+00 9.869473040994861890e+01
6.642919557382865214e+00 9.869712064627366033e+01
6.643105630554977381e+00 9.870289779337912250e+01
6.643198667141033908e+00 9.870482073325986505e+01
6.643384740313146963e+00 9.870875645464046499e+01
6.643663850071315657e+00 9.871525671034214611e+01
6.643756886657371297e+00 9.871560600086276338e+01
6.643942959829484352e+00 9.872086979841220966e+01
6.644222069587653934e+00 9.872745247995912621e+01
6.644501179345821740e+00 9.873358659943295379e+01
6.644594215931878267e+00 9.873531021702284249e+01
6.645989764722722626e+00 9.876631416883510894e+01
6.646175837894835681e+00 9.876996319603865970e+01
6.646268874480892208e+00 9.877239694357348299e+01
6.646641020825117430e+00 9.878063169470443938e+01
6.646920130583286124e+00 9.878668809100314263e+01
6.647104376749680021e+00 9.929729523374855660e+01
6.652949529211685586e+00 9.956089665968131897e+01
6.683651067329905437e+00 9.959367474451885016e+01
6.684446108916331397e+00 9.959805369212418213e+01
6.684644869312938553e+00 9.961766981880029448e+01
6.685042390106151089e+00 9.962542913937180344e+01
6.685936811890881515e+00 9.964614244793223463e+01
6.686036192089185093e+00 9.964834442119061464e+01
6.686433712882398517e+00 9.965715503015302090e+01
6.687626275262038789e+00 9.968312778127915408e+01
6.687825035658645945e+00 9.968787194462858281e+01
6.687924415856949523e+00 9.968989361999832965e+01
6.688520697046769214e+00 9.970319624930995417e+01
6.689017598038285328e+00 9.971301429291429486e+01
6.689116978236588906e+00 9.971375600438756237e+01
6.689415118831499640e+00 9.972263268273313486e+01
6.689912019823015754e+00 9.973361555781526988e+01
6.690011400021319332e+00 9.973609589151367061e+01
6.690660790227919819e+00 9.974143797902448227e+01
6.691031870345975463e+00 9.975863280734861860e+01
6.691959570641119015e+00 9.977915829829875349e+01
6.692794500906746435e+00 9.979742244873875734e+01
6.692887270936260791e+00 9.979803136048657564e+01
6.692980040965775146e+00 9.979835553093558076e+01
6.693814971231402566e+00 9.981959572177089512e+01
6.694742671526546118e+00 9.984064933162704847e+01
6.694835441556059585e+00 9.984219888479988469e+01
6.695020981615087408e+00 9.984679635782643459e+01
6.695577601792173539e+00 9.985861461266549099e+01
6.695670371821687894e+00 9.986079708103619623e+01
6.695855911880716604e+00 9.986498503587067432e+01
6.696676226100591656e+00 9.988326146745234269e+01
6.696949055171977250e+00 9.988939035175000924e+01
6.697039998195772448e+00 9.989140252424137145e+01
6.697130941219567646e+00 9.989341926095409008e+01
6.697312827267158042e+00 9.989747370336749555e+01
6.697676599362338834e+00 9.990540973654920265e+01
6.697767542386134032e+00 9.990749897704912996e+01
6.698222257505110022e+00 9.991526655371787058e+01
6.698586029600290814e+00 9.992539595051891865e+01
6.698858858671676408e+00 9.992591168219966846e+01
6.699040744719266804e+00 9.993000984305314205e+01
6.699313573790652399e+00 9.993352512445795810e+01
6.699677345885833191e+00 9.994963220949912852e+01
6.699950174957218785e+00 9.995564285401879090e+01
6.700132061004809181e+00 9.995975278863154756e+01
6.700586776123785171e+00 9.996947547003991019e+01
6.700950548218965963e+00 9.996966474397207492e+01
6.701132434266556359e+00 9.997472567967922430e+01
6.701405263337941953e+00 9.997806203649709289e+01
6.701496206361737151e+00 9.997953359941581652e+01
6.701966400121555978e+00 1.000000203166863599e+02
6.702755858875285355e+00 1.000177663219666329e+02
6.702854541219501527e+00 1.000184862302145206e+02
6.703150588252151820e+00 1.000264758053910583e+02
6.703643999973232681e+00 1.000373862116940131e+02
6.703841364661665025e+00 1.000393732290627895e+02
6.704236094038531490e+00 1.000454132175033948e+02
6.705321599824909384e+00 1.000684541914508685e+02
6.705518964513341729e+00 1.000688637388641808e+02
6.705716329201774961e+00 1.000776724155882675e+02
6.706209740922856710e+00 1.000928580701257857e+02
6.706407105611289055e+00 1.000980078685435473e+02
6.706999199676587864e+00 1.001116083187352928e+02
6.708084705462966646e+00 1.001355509756780435e+02
6.708268849813821433e+00 1.001396753661237540e+02
6.708360921989248382e+00 1.001417357125419727e+02
6.709281643743521428e+00 1.001617559930371044e+02
6.709742004620656175e+00 1.001701635678501106e+02
6.710202365497792698e+00 1.001824778490578893e+02
6.710662726374928333e+00 1.001862098643883598e+02
6.711031015076637019e+00 1.001986607337449300e+02
6.711123087252063968e+00 1.002027790344674685e+02
6.711767592480054390e+00 1.002169902064498359e+02
6.712227953357190913e+00 1.002272138235876326e+02
6.712412097708044811e+00 1.002313892690550858e+02
6.712596242058898710e+00 1.002354471191818561e+02
6.714376570673699973e+00 1.002405964727210232e+02
6.714476382169548785e+00 1.002738887792792184e+02
6.714676005161244632e+00 1.002813279530680575e+02
6.715274874136335725e+00 1.002938587038095477e+02
6.715773931615577119e+00 1.002972515415661405e+02
6.716073366103122666e+00 1.003123376021053019e+02
6.716372800590667325e+00 1.003190736763610431e+02
6.717370915549150112e+00 1.003375846881331341e+02
6.717770161532542694e+00 1.003492848852920787e+02
6.717869973028390618e+00 1.003521912193726280e+02
6.718069596020088241e+00 1.003566423450205463e+02
6.718169407515936165e+00 1.003584920567985961e+02
6.718768276491026370e+00 1.003640066727046332e+02
6.719167522474419840e+00 1.003809515770132066e+02
6.719466956961964499e+00 1.003828578448245992e+02
6.719566768457813311e+00 1.003898341230797797e+02
6.719866202945357969e+00 1.003964480434105866e+02
6.720165637432902628e+00 1.004030241929218477e+02
6.720738065732836830e+00 1.004152478680957756e+02
6.721763280330486978e+00 1.004348025519736751e+02
6.721856481657546567e+00 1.004374832031068934e+02
6.722042884311664857e+00 1.004428097394442005e+02
6.722508890946960136e+00 1.004549839160412290e+02
6.722788494928138014e+00 1.004605434830681077e+02
6.722974897582256304e+00 1.004653123464243123e+02
6.723440904217552472e+00 1.004756301010863098e+02
6.723534105544612061e+00 1.004777131233839214e+02
6.724186514834027406e+00 1.004867701254685244e+02
6.725211729431677554e+00 1.005130479668876831e+02
6.725398132085795844e+00 1.005163197731639997e+02
6.726236944029329479e+00 1.005375961026662281e+02
6.726787016963088561e+00 1.005433019430086432e+02
6.727426637212469807e+00 1.005639858991674913e+02
6.728157631783191484e+00 1.005777194847444918e+02
6.728431754747211890e+00 1.005800532647710384e+02
6.728614503389892754e+00 1.005903484022968684e+02
6.729436872281954862e+00 1.006085335507739984e+02
6.731721230315457660e+00 1.010442266466045567e+02
6.749253251347976601e+00 1.010472095874705900e+02
6.749553979728156961e+00 1.010550607215121630e+02
6.749854708108337320e+00 1.010607978798457935e+02
6.751250799192966667e+00 1.010928133219387917e+02
6.752136541282036220e+00 1.011120241078044018e+02
6.753415946521799995e+00 1.011402947373579906e+02
6.753809609672497771e+00 1.011491070230468381e+02
6.754400104398542659e+00 1.011525969750083078e+02
6.755777925425981323e+00 1.011909884725276783e+02
6.755974757001330211e+00 1.011971875720085734e+02
6.756171588576679099e+00 1.012021496694306677e+02
6.756466835939701099e+00 1.012086746183137080e+02
6.757431163310076982e+00 1.012269109613420142e+02
6.757798385785617867e+00 1.012289309495785119e+02
6.758532830736699637e+00 1.012546632468043697e+02
6.758900053212240522e+00 1.012549710408343202e+02
6.758991858831125299e+00 1.012643747448869505e+02
6.759450886925550961e+00 1.012751177495479880e+02
6.760368943114402285e+00 1.012902053380025933e+02
6.761470610541023163e+00 1.013197708881365600e+02
6.761562416159907940e+00 1.013212559314043801e+02
6.761837833016564048e+00 1.013278802005636408e+02
6.762755889205415372e+00 1.013472742658053107e+02
6.763130851001376342e+00 1.013569629637660370e+02
6.763827665576521042e+00 1.013721664786495040e+02
6.764126300394439184e+00 1.013791333014487179e+02
6.764225845333745823e+00 1.013813475673862143e+02
6.765022204848195386e+00 1.013946037126967639e+02
6.765121749787502026e+00 1.014012891064787709e+02
6.765519929544726807e+00 1.014101440578468782e+02
6.765918109301951588e+00 1.014121856904299506e+02
6.766216744119870619e+00 1.014162920701520676e+02
6.766913558695014430e+00 1.014411659009011260e+02
6.767311738452239211e+00 1.014498257051545522e+02
6.767809463148770632e+00 1.014611446909426036e+02
6.768008553027383023e+00 1.014640321826413469e+02
6.768904457481138337e+00 1.014854996933672027e+02
6.769004002420444976e+00 1.014871410194932650e+02
6.769588051718704591e+00 1.015007028179552435e+02
6.770052725571289898e+00 1.015110478320886074e+02
6.770610334194392621e+00 1.015223087685531311e+02
6.771353812358530178e+00 1.015260598979040481e+02
6.771539681899565011e+00 1.015434384165604342e+02
6.772004355752150317e+00 1.015440934565864382e+02
6.772097290522667734e+00 1.015564517455715929e+02
6.772747833916287874e+00 1.015710822079789892e+02
6.773398377309908014e+00 1.015837500174260271e+02
6.773677181621458487e+00 1.015917679781144329e+02
6.775532223020363176e+00 1.016290696856842430e+02
6.776169977373950992e+00 1.016423596278918211e+02
6.776443300668344882e+00 1.016532813249201865e+02
6.776898839492335291e+00 1.016631271066431452e+02
6.776989947257133551e+00 1.016655523621499100e+02
6.777536593845922219e+00 1.016777393254949260e+02
6.777809917140316109e+00 1.016838665265836568e+02
6.777901024905114369e+00 1.016858155905802903e+02
6.778629887023499556e+00 1.017017471041238110e+02
6.778994318082691706e+00 1.017101996707484943e+02
6.779176533612288225e+00 1.017127150500979269e+02
6.779449856906683003e+00 1.017186152820013660e+02
6.780907581143452489e+00 1.017523862423596341e+02
6.782169375290038715e+00 1.017810335830890409e+02
6.783058999057011818e+00 1.017844458544541055e+02
6.783750928653546453e+00 1.018162130790357054e+02
6.783849775738765686e+00 1.018184168029160048e+02
6.783948622823984920e+00 1.018202812738030190e+02
6.784442858250081088e+00 1.018317253165731273e+02
6.785530176187492657e+00 1.018559704524069076e+02
6.786123258698808058e+00 1.018681197888000156e+02
6.786518647039684993e+00 1.018738961994851451e+02
6.787111729551000394e+00 1.018912823374153334e+02
6.787210576636219628e+00 1.018934280353207100e+02
6.787408270806658095e+00 1.018941589653224895e+02
6.787876065557597371e+00 1.019074175636454953e+02
6.788706197805467468e+00 1.019268211657661141e+02
6.789259619304047533e+00 1.019325553099516242e+02
6.789444093136907554e+00 1.019399240816021148e+02
6.789628566969767576e+00 1.019460942765504967e+02
6.789997514635489395e+00 1.019540506937841684e+02
6.790366462301209438e+00 1.019638874966069295e+02
6.791104357632649524e+00 1.019803753684983150e+02
6.791934489880521397e+00 1.019988106118520506e+02
6.792303437546241440e+00 1.020070520981549009e+02
6.792949095961253292e+00 1.020213640372487305e+02
6.797116994293861403e+00 1.021146100044656890e+02
6.797322922835553172e+00 1.021191420359357664e+02
6.797837744189783038e+00 1.021281552619653183e+02
6.798043672731475695e+00 1.021352818751949627e+02
6.799588136794166182e+00 1.021675499533934754e+02
6.799999993877550608e+00 1.021770218906243031e+02
7.000000000000000000e+00 1.066929999999999978e+02
7.099999999999999645e+00 1.089839999999999947e+02
7.200000000000000178e+00 1.112990000000000066e+02
7.299999999999999822e+00 1.136370000000000005e+02
7.400000000000000355e+00 1.159980000000000047e+02
7.500000000000000000e+00 1.183820000000000050e+02
7.599999999999999645e+00 1.207879999999999967e+02
7.700000000000000178e+00 1.232180000000000035e+02
7.799999999999999822e+00 1.256710000000000065e+02
7.900000000000000355e+00 1.281459999999999866e+02
8.000000000000000000e+00 1.306450000000000102e+02
8.099999999999999645e+00 1.331670000000000016e+02
8.199999999999999289e+00 1.357090000000000032e+02
8.300000000000000711e+00 1.382769999999999868e+02
8.400000000000000355e+00 1.408660000000000139e+02
8.500000000000000000e+00 1.434790000000000134e+02
8.599999999999999645e+00 1.461140000000000043e+02
8.699999999999999289e+00 1.487740000000000009e+02
8.800000000000000711e+00 1.514559999999999889e+02
8.900000000000000355e+00 1.541529999999999916e+02
9.000000000000000000e+00 1.568859999999999957e+02
9.099999999999999645e+00 1.596409999999999911e+02
9.199999999999999289e+00 1.623990000000000009e+02
9.300000000000000711e+00 1.652050000000000125e+02
9.400000000000000355e+00 1.679919999999999902e+02
9.500000000000000000e+00 1.708689999999999998e+02
9.599999999999999645e+00 1.737150000000000034e+02
9.699999999999999289e+00 1.765720000000000027e+02
9.800000000000000711e+00 1.795320000000000107e+02
9.900000000000000355e+00 1.824310000000000116e+02
1.000000000000000000e+01 1.853199999999999932e+02
1.009999999999999964e+01 1.883640000000000043e+02
1.019999999999999929e+01 1.913209999999999980e+02
1.030000000000000071e+01 1.942760000000000105e+02
1.040000000000000036e+01 1.972959999999999923e+02
1.050000000000000000e+01 2.003480000000000132e+02
1.059999999999999964e+01 2.035190000000000055e+02
1.069999999999999929e+01 2.071100000000000136e+02
1.080000000000000071e+01 2.098319999999999936e+02
1.090000000000000036e+01 2.129780000000000086e+02
1.100000000000000000e+01 2.160000000000000000e+02
1.109999999999999964e+01 2.205860000000000127e+02
1.119999999999999929e+01 2.219209999999999923e+02
1.130000000000000071e+01 2.272630000000000052e+02
1.140000000000000036e+01 2.287599999999999909e+02
1.150000000000000000e+01 2.325169999999999959e+02
1.169999999999999929e+01 2.420809999999999889e+02
1.180000000000000071e+01 2.465740000000000123e+02
